,id,game_date,home_team,away_team,home_is_winner,home_odds,away_odds,home_implied_prob,away_implied_prob,model_home_win_prob,model_away_win_prob,homediff,awaydiff,bethome,betaway,game_won,game_lost,win,loss,bet_amount,bet_win,bankroll,net_bet_win,total_won_games,total_lost_games
0,2714,2021-06-06,San Diego Padres,New York Mets,0,-141.0,125.0,0.5850622406639004,0.4444444444444444,0.6017524764451117,0.3982475235548884,0.016690235781211205,-0.046196920889556015,True,False,0,1,0,0,125.0,0,2375.0,0.0,0.0,1.0
1,659,2020-08-14,Chicago Cubs,Milwaukee Brewers,0,-110.0,-102.0,0.5238095238095238,0.504950495049505,0.6121239709559355,0.3878760290440645,0.08831444714641168,-0.11707446600544047,True,False,0,1,0,0,125.0,0,2250.0,0.0,0.0,2.0
2,2775,2021-06-12,Philadelphia Phillies,New York Yankees,1,110.0,-125.0,0.4761904761904761,0.5555555555555556,0.4429488607805887,0.5570511392194113,-0.033241615409887404,0.0014955836638557152,False,False,0,0,0,0,0.0,0,2250.0,0.0,0.0,2.0
3,770,2020-08-21,Los Angeles Dodgers,Colorado Rockies,1,-233.0,205.0,0.6996996996996997,0.3278688524590163,0.6156910052475764,0.3843089947524236,-0.08400869445212333,0.05644014229340727,False,True,0,1,0,0,125.0,0,2125.0,0.0,0.0,3.0
4,2346,2021-05-11,Arizona Diamondbacks,Miami Marlins,1,-114.0,-105.0,0.5327102803738317,0.5121951219512195,0.536448519774738,0.463551480225262,0.003738239400906229,-0.04864364172595753,False,False,0,0,0,0,0.0,0,2125.0,0.0,0.0,3.0
5,5146,2022-05-14,New York Mets,Seattle Mariners,1,-164.0,143.0,0.6212121212121212,0.411522633744856,0.6005286661849343,0.3994713338150657,-0.020683455027186937,-0.01205129992979026,False,False,0,0,0,0,0.0,0,2125.0,0.0,0.0,3.0
6,2090,2021-04-23,New York Mets,Washington Nationals,1,-312.0,260.0,0.7572815533980582,0.2777777777777778,0.6119711305360516,0.3880288694639485,-0.14531042286200668,0.1102510916861707,False,True,0,1,0,0,106.25,0,2018.75,0.0,0.0,4.0
7,6799,2022-09-14,Detroit Tigers,Houston Astros,0,220.0,-263.0,0.3125,0.7245179063360881,0.4314676040197951,0.5685323959802049,0.11896760401979511,-0.15598551035588326,True,False,0,1,0,0,106.25,0,1912.5,0.0,0.0,5.0
8,6723,2022-09-08,Philadelphia Phillies,Miami Marlins,0,-130.0,115.0,0.5652173913043478,0.4651162790697674,0.6063401351549533,0.3936598648450466,0.04112274385060555,-0.07145641422472077,True,False,0,1,0,0,106.25,0,1806.25,0.0,0.0,6.0
9,3453,2021-08-03,Washington Nationals,Philadelphia Phillies,0,150.0,-175.0,0.4,0.6363636363636364,0.4346628276739563,0.5653371723260436,0.03466282767395629,-0.07102646403759272,True,False,0,1,0,0,106.25,0,1700.0,0.0,0.0,7.0
10,5381,2022-05-31,Philadelphia Phillies,San Francisco Giants,0,-130.0,112.0,0.5652173913043478,0.4716981132075472,0.5003376863733267,0.4996623136266733,-0.06487970493102113,0.027964200419126117,False,True,1,0,0,0,85.0,0,1795.2,95.2,1.0,7.0
11,8601,2023-06-09,Pittsburgh Pirates,New York Mets,1,102.0,-118.0,0.495049504950495,0.5412844036697247,0.4424112853526052,0.5575887146473948,-0.05263821959788978,0.016304310977670045,False,True,0,1,0,0,85.0,0,1710.2,0.0,1.0,8.0
12,6792,2022-09-13,Texas Rangers,Oakland Athletics,1,-152.0,132.0,0.6031746031746031,0.4310344827586206,0.5921461740226164,0.4078538259773835,-0.011028429151986763,-0.023180656781237097,False,False,0,0,0,0,0.0,0,1710.2,0.0,1.0,8.0
13,6147,2022-07-28,Boston Red Sox,Cleveland Guardians,1,101.0,-116.5,0.4975124378109453,0.5381062355658198,0.4435270323914438,0.5564729676085561,-0.053985405419501475,0.01836673204273631,False,True,0,1,0,0,85.0,0,1625.2,0.0,1.0,9.0
14,8025,2023-04-27,Los Angeles Angels,Oakland Athletics,1,-320.0,262.5,0.7619047619047619,0.2758620689655172,0.6158715757499182,0.3841284242500817,-0.14603318615484362,0.10826635528456452,False,True,0,1,0,0,85.0,0,1540.2,0.0,1.0,10.0
15,5799,2022-06-30,Los Angeles Dodgers,San Diego Padres,1,-125.0,105.0,0.5555555555555556,0.4878048780487805,0.6021199045644192,0.3978800954355808,0.04656434900886364,-0.0899247826131997,True,False,1,0,0,0,77.01,0,1601.808,61.608000000000004,2.0,10.0
16,5469,2022-06-06,Houston Astros,Seattle Mariners,0,-161.0,140.0,0.6168582375478927,0.4166666666666667,0.6092887748866382,0.3907112251133617,-0.007569462661254467,-0.02595544155330498,False,False,0,0,0,0,0.0,0,1601.808,0.0,2.0,10.0
17,5779,2022-06-29,Washington Nationals,Pittsburgh Pirates,0,-128.0,114.0,0.5614035087719298,0.4672897196261682,0.5908984012941664,0.4091015987058336,0.029494892522236582,-0.058188120920334596,True,False,0,1,0,0,77.01,0,1524.798,0.0,2.0,11.0
18,2620,2021-05-31,Cincinnati Reds,Philadelphia Phillies,1,-118.0,101.0,0.5412844036697247,0.4975124378109453,0.5630525087988102,0.4369474912011898,0.021768105129085447,-0.06056494660975548,True,False,1,0,0,0,77.01,0,1590.0607118644068,65.26271186440678,3.0,11.0
19,2837,2021-06-16,Oakland Athletics,Los Angeles Angels,1,-125.0,110.0,0.5555555555555556,0.4761904761904761,0.6058125966936087,0.3941874033063913,0.05025704113805307,-0.08200307288408482,True,False,1,0,0,0,77.01,0,1651.6687118644068,61.608000000000004,4.0,11.0
20,4106,2021-09-19,Milwaukee Brewers,Chicago Cubs,0,-222.0,185.0,0.6894409937888198,0.3508771929824561,0.6130306398359814,0.3869693601640186,-0.07641035395283846,0.036092167181562496,False,True,1,0,0,0,82.58343559322034,0,1804.4480677118645,152.77935584745765,5.0,11.0
21,4897,2022-04-27,Arizona Diamondbacks,Los Angeles Dodgers,1,170.0,-200.0,0.3703703703703703,0.6666666666666666,0.4316428480200524,0.5683571519799476,0.06127247764968213,-0.098309514686719,True,False,1,0,0,0,82.58343559322034,0,1944.839908220339,140.3918405084746,6.0,11.0
22,4992,2022-05-04,Miami Marlins,Arizona Diamondbacks,0,-147.0,130.0,0.5951417004048583,0.4347826086956521,0.5987086542367724,0.4012913457632275,0.003566953831914188,-0.033491262932424604,False,False,0,0,0,0,0.0,0,1944.839908220339,0.0,6.0,11.0
23,2573,2021-05-28,Detroit Tigers,New York Yankees,1,210.0,-244.0,0.3225806451612903,0.7093023255813954,0.4317299914985875,0.5682700085014125,0.10914934633729717,-0.14103231707998287,True,False,1,0,0,0,82.58343559322034,0,2118.265122966102,173.42521474576273,7.0,11.0
24,6688,2022-09-06,Tampa Bay Rays,Boston Red Sox,1,-161.0,140.0,0.6168582375478927,0.4166666666666667,0.6053896381647119,0.3946103618352881,-0.011468599383180789,-0.022056304831378604,False,False,0,0,0,0,0.0,0,2118.265122966102,0.0,7.0,11.0
25,973,2020-09-04,New York Mets,Philadelphia Phillies,0,-125.0,114.0,0.5555555555555556,0.4672897196261682,0.5476115557283687,0.4523884442716313,-0.007943999827186854,-0.014901275354536947,False,False,0,0,0,0,0.0,0,2118.265122966102,0.0,7.0,11.0
26,5192,2022-05-17,Boston Red Sox,Houston Astros,0,-109.0,-108.0,0.5215311004784688,0.5192307692307693,0.4629215378702248,0.5370784621297753,-0.05860956260824407,0.017847692899006007,False,True,1,0,0,0,105.9132561483051,0,2216.332952733051,98.06782976694916,8.0,11.0
27,6295,2022-08-07,New York Mets,Atlanta Braves,1,-143.0,125.0,0.588477366255144,0.4444444444444444,0.5863401834764164,0.4136598165235837,-0.002137182778727653,-0.03078462792086073,False,False,0,0,0,0,0.0,0,2216.332952733051,0.0,8.0,11.0
28,5924,2022-07-09,Arizona Diamondbacks,Colorado Rockies,1,-123.0,108.0,0.5515695067264574,0.4807692307692308,0.5604206565699736,0.4395793434300263,0.008851149843516204,-0.04118988733920448,False,False,0,0,0,0,0.0,0,2216.332952733051,0.0,8.0,11.0
29,4886,2022-04-26,Toronto Blue Jays,Boston Red Sox,1,-189.0,163.0,0.6539792387543253,0.3802281368821292,0.612656028016024,0.3873439719839759,-0.04132321073830125,0.0071158351018467125,False,False,0,0,0,0,0.0,0,2216.332952733051,0.0,8.0,11.0
30,6968,2022-09-26,Boston Red Sox,Baltimore Orioles,0,-129.0,112.0,0.5633187772925764,0.4716981132075472,0.5879670546841889,0.4120329453158111,0.02464827739161246,-0.05966516789173609,True,False,0,1,0,0,110.81664763665256,0,2105.5163050963984,0.0,8.0,12.0
31,7069,2022-10-03,Los Angeles Dodgers,Colorado Rockies,0,-350.0,282.5,0.7777777777777778,0.261437908496732,0.6157607204767319,0.3842392795232681,-0.16201705730104587,0.1228013710265361,False,True,1,0,0,0,110.81664763665256,0,2418.5733346699417,313.0570295735435,9.0,12.0
32,3249,2021-07-18,Arizona Diamondbacks,Chicago Cubs,1,100.0,-118.0,0.5,0.5412844036697247,0.4330708431721225,0.5669291568278774,-0.06692915682787748,0.025644753158152622,False,True,0,1,0,0,110.81664763665256,0,2307.756687033289,0.0,9.0,13.0
33,1933,2021-04-12,Pittsburgh Pirates,San Diego Padres,0,205.0,-238.0,0.3278688524590163,0.7041420118343196,0.4318989996237825,0.5681010003762175,0.10403014716476616,-0.1360410114581021,True,False,0,1,0,0,110.81664763665256,0,2196.940039396636,0.0,9.0,14.0
34,3346,2021-07-25,Seattle Mariners,Oakland Athletics,1,112.0,-128.0,0.4716981132075472,0.5614035087719298,0.4388797136359597,0.5611202863640403,-0.0328183995715875,-0.00028322240788947184,False,False,0,0,0,0,0.0,0,2196.940039396636,0.0,9.0,14.0
35,4879,2022-04-25,Arizona Diamondbacks,Los Angeles Dodgers,0,170.0,-196.0,0.3703703703703703,0.6621621621621622,0.4315583938358128,0.5684416061641872,0.0611880234654425,-0.09372055599797502,True,False,0,1,0,0,109.84700196983181,0,2087.0930374268046,0.0,9.0,15.0
36,5617,2022-06-17,Pittsburgh Pirates,San Francisco Giants,0,175.0,-204.0,0.3636363636363636,0.6710526315789473,0.4318139948226305,0.5681860051773695,0.06817763118626691,-0.10286662640157784,True,False,0,1,0,0,109.84700196983181,0,1977.2460354569728,0.0,9.0,16.0
37,2029,2021-04-18,Miami Marlins,San Francisco Giants,0,-120.0,105.0,0.5454545454545454,0.4878048780487805,0.5749847670707382,0.4250152329292618,0.029530221616192787,-0.06278964511951868,True,False,0,1,0,0,109.84700196983181,0,1867.399033487141,0.0,9.0,17.0
38,5992,2022-07-14,Colorado Rockies,San Diego Padres,1,117.0,-135.0,0.4608294930875576,0.574468085106383,0.440770076883056,0.559229923116944,-0.020059416204501634,-0.015238161989439059,False,False,0,0,0,0,0.0,0,1867.399033487141,0.0,9.0,17.0
39,8455,2023-05-29,Baltimore Orioles,Cleveland Guardians,0,-145.0,125.0,0.5918367346938775,0.4444444444444444,0.6008539054886513,0.3991460945113487,0.00901717079477371,-0.04529834993309573,False,False,0,0,0,0,0.0,0,1867.399033487141,0.0,9.0,17.0
40,4101,2021-09-19,Cincinnati Reds,Los Angeles Dodgers,0,170.0,-192.0,0.3703703703703703,0.6575342465753424,0.4318479022871888,0.5681520977128112,0.061477531916818484,-0.08938214886253126,True,False,0,1,0,0,93.36995167435705,0,1774.029081812784,0.0,9.0,18.0
41,5367,2022-05-30,Detroit Tigers,Minnesota Twins,1,140.0,-161.0,0.4166666666666667,0.6168582375478927,0.4346933382695041,0.5653066617304958,0.01802667160283744,-0.05155157581739689,True,False,1,0,0,0,93.36995167435705,0,1904.7470141568838,130.71793234409986,10.0,18.0
42,2349,2021-05-12,Pittsburgh Pirates,Cincinnati Reds,0,135.0,-152.0,0.425531914893617,0.6031746031746031,0.4386127232434389,0.5613872767565611,0.013080808349821893,-0.04178732641804206,True,False,0,1,0,0,93.36995167435705,0,1811.3770624825268,0.0,10.0,19.0
43,1150,2020-09-16,Detroit Tigers,Kansas City Royals,0,120.0,-132.5,0.4545454545454545,0.5698924731182796,0.4487492171999691,0.551250782800031,-0.0057962373454854,-0.018641690318248583,False,False,0,0,0,0,0.0,0,1811.3770624825268,0.0,10.0,19.0
44,5886,2022-07-06,Boston Red Sox,Tampa Bay Rays,0,-132.0,115.0,0.5689655172413793,0.4651162790697674,0.5506099508838178,0.4493900491161822,-0.018355566357561526,-0.01572622995358519,False,False,0,0,0,0,0.0,0,1811.3770624825268,0.0,10.0,19.0
45,5697,2022-06-22,Los Angeles Angels,Kansas City Royals,1,-233.0,200.0,0.6996996996996997,0.3333333333333333,0.6113808467151951,0.3886191532848049,-0.08831885298450459,0.05528581995147158,False,True,0,1,0,0,90.56885312412635,0,1720.8082093584003,0.0,10.0,20.0
46,2570,2021-05-28,Chicago Cubs,Cincinnati Reds,1,-156.0,137.0,0.609375,0.4219409282700422,0.6047039400629958,0.3952960599370042,-0.004671059937004229,-0.02664486833303803,False,False,0,0,0,0,0.0,0,1720.8082093584003,0.0,10.0,20.0
47,4871,2022-04-24,Seattle Mariners,Kansas City Royals,1,-185.0,160.0,0.6491228070175439,0.3846153846153846,0.6153128710421668,0.3846871289578332,-0.03380993597537707,7.174434244860972e-05,False,False,0,0,0,0,0.0,0,1720.8082093584003,0.0,10.0,20.0
48,6748,2022-09-10,Texas Rangers,Toronto Blue Jays,0,170.0,-200.0,0.3703703703703703,0.6666666666666666,0.4322030940800831,0.5677969059199168,0.06183272370971282,-0.0988697607467498,True,False,0,1,0,0,90.56885312412635,0,1630.239356234274,0.0,10.0,21.0
49,5713,2022-06-24,Texas Rangers,Washington Nationals,0,-169.0,150.0,0.6282527881040892,0.4,0.6109346813405611,0.3890653186594389,-0.017318106763528185,-0.010934681340561136,False,False,0,0,0,0,0.0,0,1630.239356234274,0.0,10.0,21.0
50,1206,2020-09-20,New York Mets,Atlanta Braves,0,-118.0,105.0,0.5412844036697247,0.4878048780487805,0.5326068800158181,0.4673931199841818,-0.008677523653906616,-0.020411758064598662,False,False,0,0,0,0,0.0,0,1630.239356234274,0.0,10.0,21.0
51,567,2020-08-07,Los Angeles Dodgers,San Francisco Giants,1,-256.0,220.0,0.7191011235955056,0.3125,0.6157163656617552,0.3842836343382447,-0.10338475793375035,0.0717836343382447,False,True,0,1,0,0,81.5119678117137,0,1548.7273884225604,0.0,10.0,22.0
52,2488,2021-05-22,Washington Nationals,Baltimore Orioles,1,-161.0,140.0,0.6168582375478927,0.4166666666666667,0.6121432111799101,0.3878567888200899,-0.0047150263679826,-0.028809877846576792,False,False,0,0,0,0,0.0,0,1548.7273884225604,0.0,10.0,22.0
53,8896,2023-07-01,Toronto Blue Jays,Boston Red Sox,0,-160.0,138.0,0.6153846153846154,0.4201680672268907,0.5973053710102001,0.4026946289897998,-0.018079244374415326,-0.01747343823709091,False,False,0,0,0,0,0.0,0,1548.7273884225604,0.0,10.0,22.0
54,7053,2022-10-02,Seattle Mariners,Oakland Athletics,0,-275.0,230.0,0.7333333333333333,0.303030303030303,0.6150460451901101,0.38495395480989,-0.1182872881432232,0.08192365177958699,False,True,1,0,0,0,81.5119678117137,0,1736.204914389502,187.4775259669415,11.0,22.0
55,2757,2021-06-10,Oakland Athletics,Kansas City Royals,0,-157.5,135.0,0.6116504854368932,0.425531914893617,0.6104441735196806,0.3895558264803194,-0.0012063119172125436,-0.035976088413297636,False,False,0,0,0,0,0.0,0,1736.204914389502,0.0,11.0,22.0
56,6476,2022-08-21,Atlanta Braves,Houston Astros,0,-141.0,125.0,0.5850622406639004,0.4444444444444444,0.5685586576013187,0.4314413423986812,-0.016503583062581706,-0.013003102045763215,False,False,0,0,0,0,0.0,0,1736.204914389502,0.0,11.0,22.0
57,7770,2023-04-09,Philadelphia Phillies,Cincinnati Reds,0,-178.0,155.0,0.6402877697841727,0.392156862745098,0.6122666280489273,0.3877333719510726,-0.028021141735245392,-0.004423490794025375,False,False,0,0,0,0,0.0,0,1736.204914389502,0.0,11.0,22.0
58,2001,2021-04-16,San Diego Padres,Los Angeles Dodgers,0,138.0,-159.0,0.4201680672268907,0.6138996138996139,0.4370818041236406,0.5629181958763594,0.01691373689674991,-0.05098141802325451,True,False,0,1,0,0,86.8102457194751,0,1649.394668670027,0.0,11.0,23.0
59,4131,2021-09-21,Tampa Bay Rays,Toronto Blue Jays,0,-112.0,-104.0,0.5283018867924528,0.5098039215686274,0.5484904498181828,0.4515095501818172,0.020188563025730022,-0.058294371386810206,True,False,0,1,0,0,86.8102457194751,0,1562.584422950552,0.0,11.0,24.0
60,4799,2022-04-19,Los Angeles Dodgers,Atlanta Braves,0,-154.0,139.0,0.6062992125984252,0.4184100418410041,0.6148238161602697,0.3851761838397302,0.00852460356184448,-0.03323385800127393,False,False,0,0,0,0,0.0,0,1562.584422950552,0.0,11.0,24.0
61,3326,2021-07-24,Houston Astros,Texas Rangers,1,-204.0,175.0,0.6710526315789473,0.3636363636363636,0.6145779296778948,0.3854220703221052,-0.056474701901052526,0.02178570668574159,False,True,0,1,0,0,78.1292211475276,0,1484.4552018030242,0.0,11.0,25.0
62,6365,2022-08-13,New York Mets,Philadelphia Phillies,1,-192.0,165.0,0.6575342465753424,0.3773584905660377,0.5972070414769208,0.4027929585230792,-0.0603272050984216,0.025434467957041518,False,True,0,1,0,0,78.1292211475276,0,1406.3259806554966,0.0,11.0,26.0
63,2991,2021-06-27,Milwaukee Brewers,Colorado Rockies,1,-189.0,164.5,0.6539792387543253,0.3780718336483932,0.6121795531608241,0.3878204468391759,-0.041799685593501223,0.009748613190782685,False,False,0,0,0,0,0.0,0,1406.3259806554966,0.0,11.0,26.0
64,2797,2021-06-13,Miami Marlins,Atlanta Braves,0,-135.0,118.0,0.574468085106383,0.4587155963302752,0.5821517782557765,0.4178482217442235,0.0076836931493934335,-0.04086737458605172,False,False,0,0,0,0,0.0,0,1406.3259806554966,0.0,11.0,26.0
65,3663,2021-08-17,Los Angeles Dodgers,Pittsburgh Pirates,1,-303.0,255.0,0.7518610421836228,0.2816901408450704,0.6158318077812525,0.3841681922187475,-0.13602923440237036,0.1024780513736771,False,True,0,1,0,0,70.31629903277484,0,1336.0096816227217,0.0,11.0,27.0
66,7042,2022-10-02,Washington Nationals,Philadelphia Phillies,0,205.0,-244.0,0.3278688524590163,0.7093023255813954,0.4316580519507644,0.5683419480492355,0.10378919949174809,-0.14096037753215984,True,False,0,1,0,0,70.31629903277484,0,1265.6933825899469,0.0,11.0,28.0
67,3771,2021-08-26,Milwaukee Brewers,Cincinnati Reds,0,-115.0,100.0,0.5348837209302325,0.5,0.5881709697574755,0.4118290302425245,0.053287248827243006,-0.08817096975747551,True,False,0,1,0,0,70.31629903277484,0,1195.377083557172,0.0,11.0,29.0
68,5142,2022-05-14,Miami Marlins,Milwaukee Brewers,1,120.0,-135.0,0.4545454545454545,0.574468085106383,0.4338117940798865,0.5661882059201134,-0.02073366046556796,-0.0082798791862696,False,False,0,0,0,0,0.0,0,1195.377083557172,0.0,11.0,29.0
69,8739,2023-06-19,Detroit Tigers,Kansas City Royals,1,-145.0,130.0,0.5918367346938775,0.4347826086956521,0.6109891596455799,0.3890108403544201,0.01915242495170233,-0.04577176834123203,True,False,1,0,0,0,70.31629903277484,0,1243.87108289012,48.493999332948164,12.0,29.0
70,4780,2022-04-18,Los Angeles Dodgers,Atlanta Braves,1,-194.0,168.0,0.6598639455782312,0.373134328358209,0.6148237464937636,0.3851762535062364,-0.04504019908446766,0.012041925148027433,False,True,0,1,0,0,62.19355414450601,0,1181.6775287456142,0.0,12.0,30.0
71,5550,2022-06-12,New York Yankees,Chicago Cubs,1,-238.0,205.0,0.7041420118343196,0.3278688524590163,0.6154468055328494,0.3845531944671506,-0.08869520630147021,0.05668434200813427,False,True,0,1,0,0,62.19355414450601,0,1119.4839746011082,0.0,12.0,31.0
72,3640,2021-08-16,Tampa Bay Rays,Baltimore Orioles,1,-263.0,225.0,0.7245179063360881,0.3076923076923077,0.6157525953719722,0.3842474046280277,-0.1087653109641159,0.07655509693571999,False,True,0,1,0,0,62.19355414450601,0,1057.2904204566023,0.0,12.0,32.0
73,2294,2021-05-07,Los Angeles Angels,Los Angeles Dodgers,1,138.0,-159.0,0.4201680672268907,0.6138996138996139,0.4320774675726112,0.5679225324273888,0.011909400345720467,-0.04597708147222512,True,False,1,0,0,0,62.19355414450601,0,1143.1175251760205,85.82710471941829,13.0,32.0
74,3396,2021-07-29,Detroit Tigers,Baltimore Orioles,1,-154.0,136.0,0.6062992125984252,0.423728813559322,0.6082740792639313,0.3917259207360687,0.0019748666655060587,-0.032002892823253304,False,False,0,0,0,0,0.0,0,1143.1175251760205,0.0,13.0,32.0
75,526,2020-08-05,Washington Nationals,New York Mets,0,-224.5,195.0,0.6918335901386748,0.3389830508474576,0.6156826766021688,0.3843173233978312,-0.07615091353650605,0.04533427255037359,False,True,1,0,0,0,57.15587625880103,0,1254.5714838806825,111.453958704662,14.0,32.0
76,580,2020-08-08,Milwaukee Brewers,Cincinnati Reds,0,-110.0,-105.0,0.5238095238095238,0.5121951219512195,0.5039875188368805,0.4960124811631194,-0.019822004972643303,-0.01618264078810011,False,False,0,0,0,0,0.0,0,1254.5714838806825,0.0,14.0,32.0
77,3681,2021-08-19,Texas Rangers,Seattle Mariners,0,142.0,-164.0,0.4132231404958678,0.6212121212121212,0.4341347563448282,0.5658652436551718,0.020911615848960396,-0.05534687755694945,True,False,0,1,0,0,57.15587625880103,0,1197.4156076218815,0.0,14.0,33.0
78,7921,2023-04-19,Seattle Mariners,Milwaukee Brewers,0,-129.0,110.0,0.5633187772925764,0.4761904761904761,0.4987352336301617,0.5012647663698383,-0.0645835436624147,0.02507429017936219,False,True,1,0,0,0,57.15587625880103,0,1260.2870715065626,62.87146388468114,15.0,33.0
79,6156,2022-07-29,New York Yankees,Kansas City Royals,1,-357.0,290.0,0.7811816192560175,0.2564102564102564,0.6157170544091655,0.3842829455908345,-0.165464564846852,0.1278726891805781,False,True,0,1,0,0,57.15587625880103,0,1203.1311952477615,0.0,15.0,34.0
80,6654,2022-09-03,Arizona Diamondbacks,Milwaukee Brewers,0,155.0,-179.0,0.392156862745098,0.6415770609318996,0.4339284394766513,0.5660715605233487,0.041771576731553295,-0.07550550040855086,True,False,0,1,0,0,60.15655976238808,0,1142.9746354853735,0.0,15.0,35.0
81,6210,2022-08-02,Washington Nationals,New York Mets,1,250.0,-303.0,0.2857142857142857,0.7518610421836228,0.4313936129373867,0.5686063870626132,0.145679327223101,-0.18325465512100958,True,False,1,0,0,0,60.15655976238808,0,1293.3660348913436,150.3913994059702,16.0,35.0
82,7045,2022-10-02,Cleveland Guardians,Kansas City Royals,1,-225.0,192.0,0.6923076923076923,0.3424657534246575,0.6111923954690738,0.3888076045309262,-0.08111529683861851,0.046341851106268706,False,True,0,1,0,0,60.15655976238808,0,1233.2094751289555,0.0,16.0,36.0
83,3499,2021-08-06,Toronto Blue Jays,Boston Red Sox,1,-139.0,120.0,0.5815899581589958,0.4545454545454545,0.5972243199182801,0.40277568008172,0.015634361759284232,-0.051769774463734486,True,False,1,0,0,0,60.15655976238808,0,1276.487575677436,43.27810054848063,17.0,36.0
84,8142,2023-05-06,Chicago Cubs,Miami Marlins,1,-177.0,150.0,0.6389891696750902,0.4,0.6112880103442068,0.3887119896557932,-0.027701159330883462,-0.011288010344206845,False,False,0,0,0,0,0.0,0,1276.487575677436,0.0,17.0,36.0
85,958,2020-09-03,Boston Red Sox,Toronto Blue Jays,0,108.0,-123.0,0.4807692307692308,0.5515695067264574,0.434389603805231,0.5656103961947689,-0.046379626963999776,0.014040889468311502,False,True,1,0,0,0,63.82437878387181,0,1328.3773145261123,51.88973884867627,18.0,36.0
86,2135,2021-04-26,Baltimore Orioles,New York Yankees,1,146.0,-167.0,0.4065040650406504,0.6254681647940075,0.438601975055098,0.561398024944902,0.03209791001444762,-0.06407013984910548,True,False,1,0,0,0,63.82437878387181,0,1421.5609075505652,93.18359302445283,19.0,36.0
87,5351,2022-05-29,Boston Red Sox,Baltimore Orioles,1,-189.0,163.0,0.6539792387543253,0.3802281368821292,0.6065410668060209,0.3934589331939791,-0.04743817194830435,0.013230796311849924,False,True,0,1,0,0,63.82437878387181,0,1357.7365287666933,0.0,19.0,37.0
88,2891,2021-06-20,New York Yankees,Oakland Athletics,1,-135.0,120.0,0.574468085106383,0.4545454545454545,0.5757595575623695,0.4242404424376305,0.0012914724559864865,-0.030305012107823992,False,False,0,0,0,0,0.0,0,1357.7365287666933,0.0,19.0,37.0
89,5155,2022-05-15,Detroit Tigers,Baltimore Orioles,1,-141.0,120.0,0.5850622406639004,0.4545454545454545,0.5969335807891455,0.4030664192108545,0.011871340125245045,-0.051479035334599965,True,False,1,0,0,0,63.82437878387181,0,1403.0020456346874,45.265516867994194,20.0,37.0
90,5712,2022-06-24,Atlanta Braves,Los Angeles Dodgers,0,115.0,-132.0,0.4651162790697674,0.5689655172413793,0.4338347283510132,0.5661652716489868,-0.03128155071875416,-0.0028002455923925584,False,False,0,0,0,0,0.0,0,1403.0020456346874,0.0,20.0,37.0
91,8644,2023-06-12,Boston Red Sox,Colorado Rockies,0,-260.0,215.0,0.7222222222222222,0.3174603174603174,0.6128066356405812,0.3871933643594187,-0.10941558658164097,0.06973304689910131,False,True,1,0,0,0,70.15010228173438,0,1553.8247655404164,150.82271990572892,21.0,37.0
92,5816,2022-07-02,Toronto Blue Jays,Tampa Bay Rays,0,-135.0,118.0,0.574468085106383,0.4587155963302752,0.5959595285401339,0.4040404714598661,0.021491443433750868,-0.0546751248704091,True,False,0,1,0,0,70.15010228173438,0,1483.674663258682,0.0,21.0,38.0
93,8349,2023-05-21,New York Mets,Cleveland Guardians,1,-155.0,132.0,0.6078431372549019,0.4310344827586206,0.6041410712990506,0.3958589287009494,-0.003702065955851319,-0.0351755540576712,False,False,0,0,0,0,0.0,0,1483.674663258682,0.0,21.0,38.0
94,3468,2021-08-04,Cincinnati Reds,Minnesota Twins,1,-222.0,190.0,0.6894409937888198,0.3448275862068966,0.594621272508572,0.4053787274914279,-0.09481972128024785,0.06055114128453132,False,True,0,1,0,0,70.15010228173438,0,1413.5245609769474,0.0,21.0,39.0
95,8549,2023-06-05,Philadelphia Phillies,Detroit Tigers,1,-238.0,200.0,0.7041420118343196,0.3333333333333333,0.6114791075629712,0.3885208924370288,-0.09266290427134838,0.055187559103695494,False,True,0,1,0,0,70.67622804884738,0,1342.8483329281,0.0,21.0,40.0
96,6971,2022-09-27,Detroit Tigers,Kansas City Royals,1,-111.0,-105.0,0.5260663507109005,0.5121951219512195,0.5514621838455753,0.4485378161544246,0.02539583313467486,-0.0636573057967949,True,False,1,0,0,0,70.67622804884738,0,1406.5206104495842,63.672277521484126,22.0,40.0
97,6712,2022-09-07,Philadelphia Phillies,Miami Marlins,1,-175.0,155.0,0.6363636363636364,0.392156862745098,0.610243736218739,0.3897562637812611,-0.0261199001448974,-0.002400598963836875,False,False,0,0,0,0,0.0,0,1406.5206104495842,0.0,22.0,40.0
98,8012,2023-04-26,Pittsburgh Pirates,Los Angeles Dodgers,1,125.0,-144.5,0.4444444444444444,0.591002044989775,0.4336959638662275,0.5663040361337726,-0.010748480578216923,-0.024698008856002485,False,False,0,0,0,0,0.0,0,1406.5206104495842,0.0,22.0,40.0
99,8864,2023-06-28,Arizona Diamondbacks,Tampa Bay Rays,0,135.0,-151.0,0.425531914893617,0.601593625498008,0.438892601599412,0.5611073984005879,0.013360686705794989,-0.04048622709742011,True,False,0,1,0,0,70.67622804884738,0,1335.8443824007368,0.0,22.0,41.0
100,8433,2023-05-27,Atlanta Braves,Philadelphia Phillies,0,-138.0,120.5,0.5798319327731093,0.4535147392290249,0.5997304271597925,0.4002695728402075,0.01989849438668323,-0.05324516638881743,True,False,0,1,0,0,66.79221912003685,0,1269.0521632807,0.0,22.0,42.0
101,1991,2021-04-16,Chicago Cubs,Atlanta Braves,0,118.0,-135.0,0.4587155963302752,0.574468085106383,0.456643546364175,0.5433564536358251,-0.00207204996610022,-0.031111631470557954,False,False,0,0,0,0,0.0,0,1269.0521632807,0.0,22.0,42.0
102,4148,2021-09-22,Oakland Athletics,Seattle Mariners,0,-141.0,125.0,0.5850622406639004,0.4444444444444444,0.5846454516130835,0.4153545483869165,-0.00041678905081699025,-0.02908989605752793,False,False,0,0,0,0,0.0,0,1269.0521632807,0.0,22.0,42.0
103,814,2020-08-25,Houston Astros,Los Angeles Angels,1,-152.0,132.5,0.6031746031746031,0.4301075268817204,0.615244611935187,0.384755388064813,0.012070008760583839,-0.04535213881690736,True,False,1,0,0,0,66.79221912003685,0,1312.9944127017768,43.94224942107687,23.0,42.0
104,8247,2023-05-13,Colorado Rockies,Philadelphia Phillies,0,137.0,-159.0,0.4219409282700422,0.6138996138996139,0.4326357166006467,0.5673642833993533,0.010694788330604499,-0.0465353305002606,True,False,0,1,0,0,66.79221912003685,0,1246.20219358174,0.0,23.0,43.0
105,3960,2021-09-08,Chicago Cubs,Cincinnati Reds,1,115.0,-128.0,0.4651162790697674,0.5614035087719298,0.4403528988441467,0.5596471011558533,-0.02476338022562069,-0.0017564076160765385,False,False,0,0,0,0,0.0,0,1246.20219358174,0.0,23.0,43.0
106,4074,2021-09-17,Miami Marlins,Pittsburgh Pirates,0,-156.0,135.0,0.609375,0.425531914893617,0.6071258849174967,0.3928741150825033,-0.00224911508250325,-0.03265779981111372,False,False,0,0,0,0,0.0,0,1246.20219358174,0.0,23.0,43.0
107,5099,2022-05-11,Cincinnati Reds,Milwaukee Brewers,1,175.0,-200.0,0.3636363636363636,0.6666666666666666,0.4316696005450623,0.5683303994549377,0.06803323690869872,-0.09833626721172894,True,False,1,0,0,0,62.310109679087,0,1355.2448855201421,109.04269193840224,24.0,43.0
108,8016,2023-04-26,Atlanta Braves,Miami Marlins,1,-161.5,140.0,0.6175908221797323,0.4166666666666667,0.6149046011971382,0.3850953988028617,-0.0026862209825940786,-0.031571267863804986,False,False,0,0,0,0,0.0,0,1355.2448855201421,0.0,24.0,43.0
109,5378,2022-05-31,Detroit Tigers,Minnesota Twins,0,134.0,-149.0,0.4273504273504273,0.5983935742971888,0.4370517386305158,0.5629482613694842,0.009701311280088498,-0.035445312927704586,False,False,0,0,0,0,0.0,0,1355.2448855201421,0.0,24.0,43.0
110,4701,2022-04-12,Texas Rangers,Colorado Rockies,0,-156.0,135.0,0.609375,0.425531914893617,0.4684372030622473,0.5315627969377527,-0.1409377969377527,0.10603088204413563,False,True,1,0,0,0,67.76224427600711,0,1446.7239152927518,91.47902977260961,25.0,43.0
111,3749,2021-08-24,Miami Marlins,Washington Nationals,0,-105.0,-112.0,0.5121951219512195,0.5283018867924528,0.4875880752892841,0.512411924710716,-0.024607046661935417,-0.015889962081736875,False,False,0,0,0,0,0.0,0,1446.7239152927518,0.0,25.0,43.0
112,5260,2022-05-22,Kansas City Royals,Minnesota Twins,0,100.0,-115.0,0.5,0.5348837209302325,0.4334238071859857,0.5665761928140143,-0.06657619281401428,0.03169247188378177,False,True,1,0,0,0,67.76224427600711,0,1505.6476059675406,58.92369067478879,26.0,43.0
113,2302,2021-05-08,Detroit Tigers,Minnesota Twins,1,163.0,-189.0,0.3802281368821292,0.6539792387543253,0.4322876819625099,0.5677123180374901,0.05205954508038069,-0.08626692071683517,True,False,1,0,0,0,67.76224427600711,0,1616.1000641374321,110.45245816989159,27.0,43.0
114,4790,2022-04-19,Boston Red Sox,Toronto Blue Jays,1,-135.0,120.0,0.574468085106383,0.4545454545454545,0.558347454826222,0.441652545173778,-0.016120630280161086,-0.012892909371676475,False,False,0,0,0,0,0.0,0,1616.1000641374321,0.0,27.0,43.0
115,5121,2022-05-13,Pittsburgh Pirates,Cincinnati Reds,0,-114.0,100.0,0.5327102803738317,0.5,0.5913170003770507,0.4086829996229493,0.05860672000321898,-0.0913170003770507,True,False,0,1,0,0,80.80500320687162,0,1535.2950609305606,0.0,27.0,44.0
116,5257,2022-05-22,Cleveland Guardians,Detroit Tigers,0,-182.0,160.0,0.6453900709219859,0.3846153846153846,0.6132680817999736,0.3867319182000264,-0.03212198912201225,0.002116533584641811,False,False,0,0,0,0,0.0,0,1535.2950609305606,0.0,27.0,44.0
117,8579,2023-06-07,Atlanta Braves,New York Mets,1,-120.0,105.0,0.5454545454545454,0.4878048780487805,0.5991604515899039,0.400839548410096,0.05370590613535853,-0.08696532963868447,True,False,1,0,0,0,80.80500320687162,0,1602.6325636029535,67.33750267239301,28.0,44.0
118,6490,2022-08-22,Philadelphia Phillies,Cincinnati Reds,1,-244.0,205.0,0.7093023255813954,0.3278688524590163,0.6075482515034523,0.3924517484965478,-0.10175407407794312,0.06458289603753148,False,True,0,1,0,0,80.80500320687162,0,1521.827560396082,0.0,28.0,45.0
119,3076,2021-07-03,Washington Nationals,Los Angeles Dodgers,0,172.0,-200.0,0.3676470588235294,0.6666666666666666,0.4316687049079045,0.5683312950920955,0.0640216460843751,-0.09833537157457117,True,False,0,1,0,0,80.80500320687162,0,1441.0225571892104,0.0,28.0,46.0
120,2637,2021-06-01,Atlanta Braves,Washington Nationals,0,-139.0,120.0,0.5815899581589958,0.4545454545454545,0.6061728520505321,0.393827147949468,0.02458289389153623,-0.06071830659598648,True,False,0,1,0,0,72.05112785946052,0,1368.9714293297498,0.0,28.0,47.0
121,596,2020-08-09,Oakland Athletics,Houston Astros,1,-152.0,135.0,0.6031746031746031,0.425531914893617,0.6098766277420604,0.3901233722579396,0.0067020245674572765,-0.03540854263567744,False,False,0,0,0,0,0.0,0,1368.9714293297498,0.0,28.0,47.0
122,8067,2023-04-30,Minnesota Twins,Kansas City Royals,1,-215.0,181.0,0.6825396825396826,0.3558718861209964,0.6157182904569158,0.3842817095430841,-0.06682139208276672,0.0284098234220877,False,True,0,1,0,0,72.05112785946052,0,1296.9203014702891,0.0,28.0,48.0
123,3148,2021-07-08,Milwaukee Brewers,Cincinnati Reds,1,-115.0,-103.0,0.5348837209302325,0.5073891625615764,0.5384461664170347,0.4615538335829653,0.0035624454868021793,-0.04583532897861109,False,False,0,0,0,0,0.0,0,1296.9203014702891,0.0,28.0,48.0
124,5210,2022-05-18,Texas Rangers,Los Angeles Angels,1,140.0,-164.0,0.4166666666666667,0.6212121212121212,0.4374192830430964,0.5625807169569037,0.020752616376429722,-0.05863140425521751,True,False,1,0,0,0,72.05112785946052,0,1397.7918804735339,100.87157900324472,29.0,48.0
125,2545,2021-05-26,Washington Nationals,Cincinnati Reds,1,-136.0,118.0,0.576271186440678,0.4587155963302752,0.5878232265481647,0.4121767734518354,0.011552040107486672,-0.0465388228784398,True,False,1,0,0,0,69.8895940236767,0,1449.1812878438843,51.38940737035051,30.0,48.0
126,8376,2023-05-23,New York Yankees,Baltimore Orioles,1,-171.0,150.0,0.6309963099630996,0.4,0.5931271649551304,0.4068728350448696,-0.03786914500796923,0.006872835044869574,False,False,0,0,0,0,0.0,0,1449.1812878438843,0.0,30.0,48.0
127,5768,2022-06-28,New York Mets,Houston Astros,0,108.0,-125.0,0.4807692307692308,0.5555555555555556,0.4406023584175623,0.5593976415824378,-0.04016687235166849,0.0038420860268821855,False,False,0,0,0,0,0.0,0,1449.1812878438843,0.0,30.0,48.0
128,3015,2021-06-29,Atlanta Braves,New York Mets,0,-161.0,140.0,0.6168582375478927,0.4166666666666667,0.603718280658888,0.396281719341112,-0.013139956889004711,-0.02038494732555468,False,False,0,0,0,0,0.0,0,1449.1812878438843,0.0,30.0,48.0
129,5830,2022-07-02,Chicago Cubs,Boston Red Sox,1,133.0,-149.0,0.4291845493562232,0.5983935742971888,0.4351344750044126,0.5648655249955874,0.005949925648189414,-0.03352804930160136,False,False,0,0,0,0,0.0,0,1449.1812878438843,0.0,30.0,48.0
130,6986,2022-09-28,Detroit Tigers,Kansas City Royals,1,-130.0,115.0,0.5652173913043478,0.4651162790697674,0.5940662163679884,0.4059337836320116,0.028848825063640615,-0.05918249543775578,True,False,1,0,0,0,72.45906439219422,0,1504.9190296840338,55.737741840149404,31.0,48.0
131,6256,2022-08-05,New York Mets,Atlanta Braves,0,-133.0,118.0,0.5708154506437768,0.4587155963302752,0.5719682559383542,0.4280317440616458,0.001152805294577397,-0.030683852268629408,False,False,0,0,0,0,0.0,0,1504.9190296840338,0.0,31.0,48.0
132,5966,2022-07-12,Minnesota Twins,Milwaukee Brewers,0,-141.0,120.0,0.5850622406639004,0.4545454545454545,0.5609803048571662,0.4390196951428338,-0.024081935806734234,-0.015525759402620687,False,False,0,0,0,0,0.0,0,1504.9190296840338,0.0,31.0,48.0
133,5906,2022-07-08,New York Mets,Miami Marlins,0,-164.0,140.0,0.6212121212121212,0.4166666666666667,0.6072308091230181,0.392769190876982,-0.013981312089103137,-0.023897475789684708,False,False,0,0,0,0,0.0,0,1504.9190296840338,0.0,31.0,48.0
134,8107,2023-05-03,Miami Marlins,Atlanta Braves,0,120.0,-135.5,0.4545454545454545,0.5753715498938429,0.434472007289892,0.565527992710108,-0.020073447255562482,-0.009843557183734863,False,False,0,0,0,0,0.0,0,1504.9190296840338,0.0,31.0,48.0
135,6817,2022-09-15,Minnesota Twins,Kansas City Royals,1,-167.0,147.0,0.6254681647940075,0.4048582995951417,0.6081543128598543,0.3918456871401456,-0.017313851934153135,-0.013012612454996075,False,False,0,0,0,0,0.0,0,1504.9190296840338,0.0,31.0,48.0
136,6279,2022-08-06,Milwaukee Brewers,Cincinnati Reds,0,-182.0,155.0,0.6453900709219859,0.392156862745098,0.6111335949252561,0.3888664050747439,-0.03425647599672976,-0.0032904576703540744,False,False,0,0,0,0,0.0,0,1504.9190296840338,0.0,31.0,48.0
137,2523,2021-05-24,Oakland Athletics,Seattle Mariners,0,-164.0,145.0,0.6212121212121212,0.4081632653061224,0.6130057006412473,0.3869942993587527,-0.008206420570873951,-0.021168965947369722,False,False,0,0,0,0,0.0,0,1504.9190296840338,0.0,31.0,48.0
138,6419,2022-08-17,Minnesota Twins,Kansas City Royals,1,-196.0,165.0,0.6621621621621622,0.3773584905660377,0.6107610137320967,0.3892389862679033,-0.05140114843006549,0.011880495701865612,False,True,0,1,0,0,75.2459514842017,0,1429.6730781998322,0.0,31.0,49.0
139,8715,2023-06-17,Atlanta Braves,Colorado Rockies,1,-294.0,245.0,0.7461928934010152,0.2898550724637681,0.6157133841075324,0.3842866158924676,-0.13047950929348284,0.09443154342869947,False,True,0,1,0,0,75.2459514842017,0,1354.4271267156305,0.0,31.0,50.0
140,4001,2021-09-11,New York Mets,New York Yankees,0,110.0,-125.0,0.4761904761904761,0.5555555555555556,0.4507461658672722,0.5492538341327278,-0.025444310323203934,-0.006301721422827811,False,False,0,0,0,0,0.0,0,1354.4271267156305,0.0,31.0,50.0
141,3063,2021-07-02,Oakland Athletics,Boston Red Sox,0,-105.0,-110.0,0.5121951219512195,0.5238095238095238,0.4737718834511201,0.5262281165488798,-0.03842323850009943,0.0024185927393559625,False,False,0,0,0,0,0.0,0,1354.4271267156305,0.0,31.0,50.0
142,577,2020-08-08,Texas Rangers,Los Angeles Angels,1,126.5,-143.0,0.4415011037527593,0.588477366255144,0.4668798331680427,0.5331201668319574,0.025378729415283408,-0.05535719942318662,True,False,1,0,0,0,67.72135633578152,0,1440.0946424803942,85.66751576476362,32.0,50.0
143,8435,2023-05-27,Arizona Diamondbacks,Boston Red Sox,0,114.0,-132.0,0.4672897196261682,0.5689655172413793,0.445295408310643,0.5547045916893569,-0.021994311315525206,-0.014260925552022408,False,False,0,0,0,0,0.0,0,1440.0946424803942,0.0,32.0,50.0
144,3100,2021-07-05,Pittsburgh Pirates,Atlanta Braves,1,165.0,-192.0,0.3773584905660377,0.6575342465753424,0.4323704538061577,0.5676295461938423,0.055011963240119977,-0.08990470038150011,True,False,1,0,0,0,67.72135633578152,0,1551.8348804344337,111.7402379540395,33.0,50.0
145,3162,2021-07-09,Milwaukee Brewers,Cincinnati Reds,0,-108.0,-106.0,0.5192307692307693,0.5145631067961165,0.5263602624661845,0.4736397375338155,0.00712949323541523,-0.040923369262301,False,False,0,0,0,0,0.0,0,1551.8348804344337,0.0,33.0,50.0
146,6228,2022-08-03,Texas Rangers,Baltimore Orioles,0,-155.0,135.0,0.6078431372549019,0.425531914893617,0.5498576335580544,0.4501423664419456,-0.05798550369684752,0.024610451548328582,False,True,1,0,0,0,77.5917440217217,0,1656.5837348637579,104.7488544293243,34.0,50.0
147,5269,2022-05-23,Cincinnati Reds,Chicago Cubs,0,104.0,-120.0,0.4901960784313725,0.5454545454545454,0.4442537191852699,0.5557462808147301,-0.04594235924610257,0.010291735360184684,False,True,1,0,0,0,77.5917440217217,0,1721.243521548526,64.65978668476808,35.0,50.0
148,4908,2022-04-27,Los Angeles Angels,Cleveland Guardians,1,-204.0,175.0,0.6710526315789473,0.3636363636363636,0.6108345324453011,0.3891654675546989,-0.060218099133646286,0.025529103918335294,False,True,0,1,0,0,77.5917440217217,0,1643.6517775268042,0.0,35.0,51.0
149,4831,2022-04-22,Tampa Bay Rays,Boston Red Sox,0,-141.0,120.0,0.5850622406639004,0.4545454545454545,0.6033471603987861,0.3966528396012139,0.018284919734885663,-0.057892614944240584,True,False,0,1,0,0,77.5917440217217,0,1566.0600335050824,0.0,35.0,52.0
150,6625,2022-09-01,Boston Red Sox,Texas Rangers,1,-161.0,140.0,0.6168582375478927,0.4166666666666667,0.6040447789243837,0.3959552210756162,-0.012813458623509022,-0.02071144559105048,False,False,0,0,0,0,0.0,0,1566.0600335050824,0.0,35.0,52.0
151,2690,2021-06-05,Texas Rangers,Tampa Bay Rays,0,140.0,-156.0,0.4166666666666667,0.609375,0.4325778612371737,0.5674221387628262,0.015911194570506992,-0.04195286123717379,True,False,0,1,0,0,78.30300167525412,0,1487.7570318298283,0.0,35.0,53.0
152,5092,2022-05-10,Los Angeles Angels,Tampa Bay Rays,1,100.0,-115.0,0.5,0.5348837209302325,0.4699276159955392,0.5300723840044608,-0.030072384004460773,-0.0048113369257717364,False,False,0,0,0,0,0.0,0,1487.7570318298283,0.0,35.0,53.0
153,4054,2021-09-15,Kansas City Royals,Oakland Athletics,0,125.0,-145.0,0.4444444444444444,0.5918367346938775,0.4395286742471508,0.5604713257528491,-0.004915770197293612,-0.03136540894102846,False,False,0,0,0,0,0.0,0,1487.7570318298283,0.0,35.0,53.0
154,2792,2021-06-13,New York Mets,San Diego Padres,0,112.0,-130.0,0.4716981132075472,0.5652173913043478,0.445707409735473,0.5542925902645269,-0.02599070347207416,-0.010924801039820853,False,False,0,0,0,0,0.0,0,1487.7570318298283,0.0,35.0,53.0
155,653,2020-08-14,Baltimore Orioles,Washington Nationals,0,150.0,-175.0,0.4,0.6363636363636364,0.4938483632451544,0.5061516367548455,0.09384836324515439,-0.13021199960879082,True,False,0,1,0,0,74.38785159149141,0,1413.3691802383369,0.0,35.0,54.0
156,4970,2022-05-02,Miami Marlins,Arizona Diamondbacks,0,-154.0,135.0,0.6062992125984252,0.425531914893617,0.6083464184949834,0.3916535815050166,0.0020472058965581574,-0.03387833338860041,False,False,0,0,0,0,0.0,0,1413.3691802383369,0.0,35.0,54.0
157,3257,2021-07-19,Detroit Tigers,Texas Rangers,1,-105.0,-111.0,0.5121951219512195,0.5260663507109005,0.5477143281574128,0.4522856718425871,0.03551920620619331,-0.07378067886831335,True,False,1,0,0,0,74.38785159149141,0,1484.2147531826145,70.84557294427754,36.0,54.0
158,8210,2023-05-10,Minnesota Twins,San Diego Padres,1,-127.5,110.0,0.5604395604395604,0.4761904761904761,0.5589355330569838,0.4410644669430161,-0.0015040273825766004,-0.03512600924746001,False,False,0,0,0,0,0.0,0,1484.2147531826145,0.0,36.0,54.0
159,3587,2021-08-12,Seattle Mariners,Texas Rangers,1,-200.0,172.0,0.6666666666666666,0.3676470588235294,0.6118052453093148,0.3881947546906852,-0.054861421357351836,0.020547695867155824,False,True,0,1,0,0,74.38785159149141,0,1409.826901591123,0.0,36.0,55.0
160,8650,2023-06-12,Seattle Mariners,Miami Marlins,1,-130.0,112.0,0.5652173913043478,0.4716981132075472,0.564533403588378,0.4354665964116219,-0.0006839877159697805,-0.03623151679592529,False,False,0,0,0,0,0.0,0,1409.826901591123,0.0,36.0,55.0
161,2877,2021-06-19,Baltimore Orioles,Toronto Blue Jays,0,151.0,-179.0,0.398406374501992,0.6415770609318996,0.4361155055568703,0.5638844944431297,0.037709131054878275,-0.07769256648876988,True,False,0,1,0,0,70.49134507955615,0,1339.335556511567,0.0,36.0,56.0
162,6772,2022-09-12,Miami Marlins,Texas Rangers,1,-130.0,114.0,0.5652173913043478,0.4672897196261682,0.5693534586322132,0.4306465413677868,0.0041360673278654225,-0.036643178258381426,False,False,0,0,0,0,0.0,0,1339.335556511567,0.0,36.0,56.0
163,5455,2022-06-05,Pittsburgh Pirates,Arizona Diamondbacks,1,125.0,-145.0,0.4444444444444444,0.5918367346938775,0.4497960271034905,0.5502039728965095,0.005351582659046061,-0.04163276179736808,False,False,0,0,0,0,0.0,0,1339.335556511567,0.0,36.0,56.0
164,8496,2023-06-01,New York Mets,Philadelphia Phillies,1,-173.5,150.0,0.6343692870201096,0.4,0.6068335516167461,0.3931664483832539,-0.027535735403363515,-0.006833551616746147,False,False,0,0,0,0,0.0,0,1339.335556511567,0.0,36.0,56.0
165,5196,2022-05-17,Colorado Rockies,San Francisco Giants,0,140.0,-161.0,0.4166666666666667,0.6168582375478927,0.4326478743382417,0.5673521256617583,0.015981207671575015,-0.04950611188613441,True,False,0,1,0,0,66.96677782557835,0,1272.3687786859884,0.0,36.0,57.0
166,6153,2022-07-29,Miami Marlins,New York Mets,0,106.0,-124.0,0.4854368932038835,0.5535714285714286,0.4353647338833008,0.5646352661166992,-0.050072159320582676,0.011063837545270627,False,True,1,0,0,0,66.96677782557835,0,1326.3742446743581,54.00546598836963,37.0,57.0
167,2364,2021-05-13,Washington Nationals,Philadelphia Phillies,1,-102.0,-112.5,0.504950495049505,0.5294117647058824,0.4466960993080294,0.5533039006919707,-0.05825439574147556,0.023892135986088303,False,True,0,1,0,0,66.96677782557835,0,1259.4074668487797,0.0,37.0,58.0
168,2595,2021-05-29,Boston Red Sox,Miami Marlins,1,-149.0,130.0,0.5983935742971888,0.4347826086956521,0.602254513390653,0.397745486609347,0.0038609390934641885,-0.03703712208630511,False,False,0,0,0,0,0.0,0,1259.4074668487797,0.0,37.0,58.0
169,4163,2021-09-23,Philadelphia Phillies,Pittsburgh Pirates,1,-250.0,210.0,0.7142857142857143,0.3225806451612903,0.6135542650322563,0.3864457349677436,-0.100731449253458,0.06386508980645328,False,True,0,1,0,0,66.96677782557835,0,1192.4406890232012,0.0,37.0,59.0
170,2446,2021-05-19,San Diego Padres,Colorado Rockies,1,-250.0,214.5,0.7142857142857143,0.3179650238473768,0.6156327155772738,0.3843672844227262,-0.09865299870844046,0.06640226057534943,False,True,0,1,0,0,59.62203445116006,0,1132.8186545720412,0.0,37.0,60.0
171,6243,2022-08-04,San Diego Padres,Colorado Rockies,0,-294.0,245.0,0.7461928934010152,0.2898550724637681,0.6151903389541539,0.3848096610458461,-0.13100255444686137,0.09495458858207795,False,True,1,0,0,0,59.62203445116006,0,1278.8926389773833,146.07398440534217,38.0,60.0
172,5355,2022-05-29,Tampa Bay Rays,New York Yankees,1,-135.0,116.0,0.574468085106383,0.4629629629629629,0.5724105394140386,0.4275894605859613,-0.002057545692344398,-0.0353735023770016,False,False,0,0,0,0,0.0,0,1278.8926389773833,0.0,38.0,60.0
173,6227,2022-08-03,Minnesota Twins,Detroit Tigers,1,-213.0,185.0,0.6805111821086262,0.3508771929824561,0.6079373437907788,0.3920626562092212,-0.07257383831784736,0.041185463226765084,False,True,0,1,0,0,59.62203445116006,0,1219.2706045262232,0.0,38.0,61.0
174,6286,2022-08-07,Kansas City Royals,Boston Red Sox,1,120.0,-139.0,0.4545454545454545,0.5815899581589958,0.438158428423112,0.5618415715768881,-0.016387026122342496,-0.019748386582107758,False,False,0,0,0,0,0.0,0,1219.2706045262232,0.0,38.0,61.0
175,6616,2022-08-31,Minnesota Twins,Boston Red Sox,0,-133.0,117.0,0.5708154506437768,0.4608294930875576,0.6001894932248801,0.3998105067751199,0.02937404258110332,-0.061018986312437684,True,False,0,1,0,0,60.963530226311164,0,1158.307074299912,0.0,38.0,62.0
176,5301,2022-05-25,Cincinnati Reds,Chicago Cubs,1,-128.0,111.0,0.5614035087719298,0.4739336492890995,0.4964224073190789,0.5035775926809211,-0.06498110145285091,0.02964394339182158,False,True,0,1,0,0,60.963530226311164,0,1097.343544073601,0.0,38.0,63.0
177,3046,2021-07-01,Cincinnati Reds,San Diego Padres,1,-108.0,-105.0,0.5192307692307693,0.5121951219512195,0.4451682657748423,0.5548317342251576,-0.07406250345592696,0.04263661227393811,False,True,0,1,0,0,60.963530226311164,0,1036.3800138472898,0.0,38.0,64.0
178,8112,2023-05-03,Kansas City Royals,Baltimore Orioles,1,133.5,-154.5,0.4282655246252677,0.6070726915520629,0.4315794473606449,0.5684205526393551,0.0033139227353772283,-0.0386521389127078,False,False,0,0,0,0,0.0,0,1036.3800138472898,0.0,38.0,64.0
179,5871,2022-07-05,Houston Astros,Kansas City Royals,1,-238.0,195.0,0.7041420118343196,0.3389830508474576,0.6154959567242171,0.3845040432757829,-0.08864605511010248,0.0455209924283253,False,True,0,1,0,0,60.963530226311164,0,975.4164836209786,0.0,38.0,65.0
180,3419,2021-07-31,Tampa Bay Rays,Boston Red Sox,1,-108.0,-108.0,0.5192307692307693,0.5192307692307693,0.5786536603731935,0.4213463396268064,0.05942289114242427,-0.09788442960396287,True,False,1,0,0,0,48.77082418104894,0,1020.574654158987,45.15817053800828,39.0,65.0
181,8144,2023-05-06,Tampa Bay Rays,New York Yankees,0,-185.0,160.0,0.6491228070175439,0.3846153846153846,0.6102689949815892,0.3897310050184108,-0.03885381203595473,0.005115620403026211,False,False,0,0,0,0,0.0,0,1020.574654158987,0.0,39.0,65.0
182,1112,2020-09-13,Arizona Diamondbacks,Seattle Mariners,0,-154.0,136.0,0.6062992125984252,0.423728813559322,0.5846954902315455,0.4153045097684544,-0.021603722366879685,-0.008424303790867615,False,False,0,0,0,0,0.0,0,1020.574654158987,0.0,39.0,65.0
183,8860,2023-06-28,Chicago Cubs,Philadelphia Phillies,0,110.0,-126.5,0.4761904761904761,0.5584988962472406,0.4375352872314304,0.5624647127685696,-0.03865518895904568,0.003965816521328991,False,False,0,0,0,0,0.0,0,1020.574654158987,0.0,39.0,65.0
184,8284,2023-05-16,Houston Astros,Chicago Cubs,1,-167.0,143.0,0.6254681647940075,0.411522633744856,0.6134970737608327,0.3865029262391673,-0.01197109103317473,-0.02501970750568866,False,False,0,0,0,0,0.0,0,1020.574654158987,0.0,39.0,65.0
185,2103,2021-04-24,Boston Red Sox,Seattle Mariners,0,-200.0,175.0,0.6666666666666666,0.3636363636363636,0.6080213320089847,0.3919786679910153,-0.05864533465768196,0.028342304354651682,False,True,1,0,0,0,51.02873270794935,0,1109.8749363978984,89.30028223891136,40.0,65.0
186,682,2020-08-15,Los Angeles Angels,Los Angeles Dodgers,0,140.0,-154.0,0.4166666666666667,0.6062992125984252,0.4316024274575568,0.568397572542443,0.014935760790890096,-0.03790164005598218,True,False,0,1,0,0,51.02873270794935,0,1058.846203689949,0.0,40.0,66.0
187,6960,2022-09-25,Colorado Rockies,San Diego Padres,0,130.0,-150.0,0.4347826086956521,0.6,0.4333218713127759,0.566678128687224,-0.0014607373828762205,-0.033321871312775975,False,False,0,0,0,0,0.0,0,1058.846203689949,0.0,40.0,66.0
188,2526,2021-05-25,Washington Nationals,Cincinnati Reds,0,-183.5,160.0,0.6472663139329806,0.3846153846153846,0.6050458509725403,0.3949541490274597,-0.04222046296044035,0.010338764412075097,False,True,1,0,0,0,51.02873270794935,0,1140.492176022668,81.64597233271897,41.0,66.0
189,2082,2021-04-22,Boston Red Sox,Seattle Mariners,0,-169.0,150.0,0.6282527881040892,0.4,0.6056985615286072,0.3943014384713927,-0.022554226575482006,-0.0056985615286073155,False,False,0,0,0,0,0.0,0,1140.492176022668,0.0,41.0,66.0
190,5627,2022-06-17,Seattle Mariners,Los Angeles Angels,1,-128.0,110.0,0.5614035087719298,0.4761904761904761,0.5680064980699224,0.4319935019300775,0.006602989297992634,-0.04419697426039859,False,False,0,0,0,0,0.0,0,1140.492176022668,0.0,41.0,66.0
191,2691,2021-06-05,Philadelphia Phillies,Washington Nationals,1,-132.0,114.0,0.5689655172413793,0.4672897196261682,0.5873557323329519,0.412644267667048,0.01839021509157257,-0.05464545195912024,True,False,1,0,0,0,57.024608801133404,0,1183.692637235648,43.20046121297985,42.0,66.0
192,6445,2022-08-19,Pittsburgh Pirates,Cincinnati Reds,1,105.0,-120.0,0.4878048780487805,0.5454545454545454,0.4476322957273694,0.5523677042726306,-0.04017258232141108,0.0069131588180851855,False,False,0,0,0,0,0.0,0,1183.692637235648,0.0,42.0,66.0
193,960,2020-09-03,Los Angeles Dodgers,Arizona Diamondbacks,1,-294.0,250.0,0.7461928934010152,0.2857142857142857,0.6157536077869759,0.3842463922130241,-0.1304392856140394,0.09853210649873839,False,True,0,1,0,0,57.024608801133404,0,1126.6680284345146,0.0,42.0,67.0
194,3985,2021-09-10,Oakland Athletics,Texas Rangers,1,-179.0,153.0,0.6415770609318996,0.3952569169960474,0.6113655457360693,0.3886344542639307,-0.03021151519583032,-0.006622462732116752,False,False,0,0,0,0,0.0,0,1126.6680284345146,0.0,42.0,67.0
195,2956,2021-06-25,Miami Marlins,Washington Nationals,1,-135.0,118.0,0.574468085106383,0.4587155963302752,0.5493688457501897,0.4506311542498102,-0.025099239356193292,-0.008084442080464993,False,False,0,0,0,0,0.0,0,1126.6680284345146,0.0,42.0,67.0
196,5879,2022-07-06,Milwaukee Brewers,Chicago Cubs,0,-250.0,210.0,0.7142857142857143,0.3225806451612903,0.6134312861024533,0.3865687138975466,-0.10085442818326096,0.06398806873625629,False,True,1,0,0,0,56.33340142172573,0,1244.9681714201386,118.30014298562405,43.0,67.0
197,3068,2021-07-03,Toronto Blue Jays,Tampa Bay Rays,1,-118.0,102.0,0.5412844036697247,0.495049504950495,0.5787725524404475,0.4212274475595526,0.03748814877072271,-0.07382205739094239,True,False,1,0,0,0,56.33340142172573,0,1292.7083421165164,47.74017069637774,44.0,67.0
198,3448,2021-08-02,Tampa Bay Rays,Seattle Mariners,0,-154.0,135.0,0.6062992125984252,0.425531914893617,0.6105983008267211,0.389401699173279,0.004299088228295833,-0.03613021572033803,False,False,0,0,0,0,0.0,0,1292.7083421165164,0.0,44.0,67.0
199,3175,2021-07-10,Miami Marlins,Atlanta Braves,0,-109.0,-105.0,0.5215311004784688,0.5121951219512195,0.4729219019874831,0.5270780980125169,-0.04860919849098577,0.014882976061297404,False,True,1,0,0,0,56.33340142172573,0,1346.3592006133981,53.650858496881646,45.0,67.0
200,8788,2023-06-23,Cincinnati Reds,Atlanta Braves,1,132.0,-154.0,0.4310344827586206,0.6062992125984252,0.4325636434060207,0.5674363565939792,0.0015291606474001074,-0.038862856004446056,False,False,0,0,0,0,0.0,0,1346.3592006133981,0.0,45.0,67.0
201,3141,2021-07-08,Miami Marlins,Los Angeles Dodgers,0,140.0,-162.5,0.4166666666666667,0.6190476190476191,0.4332696169428954,0.5667303830571047,0.016602950276228712,-0.05231723599051441,True,False,0,1,0,0,67.31796003066991,0,1279.0412405827283,0.0,45.0,68.0
202,5203,2022-05-18,Boston Red Sox,Houston Astros,1,125.0,-145.0,0.4444444444444444,0.5918367346938775,0.4326740686823667,0.5673259313176333,-0.011770375762077734,-0.024510803376244228,False,False,0,0,0,0,0.0,0,1279.0412405827283,0.0,45.0,68.0
203,5026,2022-05-06,San Diego Padres,Miami Marlins,1,-130.0,110.0,0.5652173913043478,0.4761904761904761,0.605640721484038,0.394359278515962,0.04042333017969024,-0.08183119767451413,True,False,1,0,0,0,67.31796003066991,0,1330.8242867601666,51.78304617743839,46.0,68.0
204,8724,2023-06-18,Washington Nationals,Miami Marlins,0,135.5,-156.0,0.4246284501061571,0.609375,0.4330835603749316,0.5669164396250683,0.008455110268774546,-0.042458560374931675,False,False,0,0,0,0,0.0,0,1330.8242867601666,0.0,46.0,68.0
205,5914,2022-07-08,Arizona Diamondbacks,Colorado Rockies,0,-167.0,145.0,0.6254681647940075,0.4081632653061224,0.5888513253804513,0.4111486746195487,-0.0366168394135562,0.0029854093134262794,False,False,0,0,0,0,0.0,0,1330.8242867601666,0.0,46.0,68.0
206,5534,2022-06-11,Philadelphia Phillies,Arizona Diamondbacks,1,-233.0,195.0,0.6996996996996997,0.3389830508474576,0.6118898816510123,0.3881101183489877,-0.08780981804868737,0.049127067501530064,False,True,0,1,0,0,66.54121433800833,0,1264.2830724221583,0.0,46.0,69.0
207,6803,2022-09-14,Miami Marlins,Philadelphia Phillies,0,115.0,-130.0,0.4651162790697674,0.5652173913043478,0.4346808033060688,0.5653191966939312,-0.030435475763698594,0.00010180538958337593,False,False,0,0,0,0,0.0,0,1264.2830724221583,0.0,46.0,69.0
208,3741,2021-08-24,Oakland Athletics,Seattle Mariners,0,-147.0,130.0,0.5951417004048583,0.4347826086956521,0.597383190865626,0.402616809134374,0.0022414904607677144,-0.03216579956127813,False,False,0,0,0,0,0.0,0,1264.2830724221583,0.0,46.0,69.0
209,6989,2022-09-28,Boston Red Sox,Baltimore Orioles,1,-115.0,100.0,0.5348837209302325,0.5,0.5846728497492868,0.4153271502507131,0.049789128819054285,-0.0846728497492869,True,False,1,0,0,0,66.54121433800833,0,1322.1449979334698,57.86192551131159,47.0,69.0
210,2987,2021-06-27,Miami Marlins,Washington Nationals,0,120.0,-139.0,0.4545454545454545,0.5815899581589958,0.4564449922130023,0.5435550077869977,0.0018995376675478015,-0.03803495037199811,False,False,0,0,0,0,0.0,0,1322.1449979334698,0.0,47.0,69.0
211,4757,2022-04-16,Los Angeles Dodgers,Cincinnati Reds,1,-250.0,205.0,0.7142857142857143,0.3278688524590163,0.6158759359461432,0.3841240640538567,-0.0984097783395711,0.05625521159484037,False,True,0,1,0,0,66.1072498966735,0,1256.0377480367963,0.0,47.0,70.0
212,8832,2023-06-26,Atlanta Braves,Minnesota Twins,1,-210.0,180.0,0.6774193548387096,0.3571428571428571,0.608919836469228,0.391080163530772,-0.06849951836948165,0.03393730638791492,False,True,0,1,0,0,66.1072498966735,0,1189.9304981401228,0.0,47.0,71.0
213,2739,2021-06-09,Philadelphia Phillies,Atlanta Braves,1,-128.0,110.0,0.5614035087719298,0.4761904761904761,0.5297857723546664,0.4702142276453336,-0.0316177364172634,-0.005976248545142504,False,False,0,0,0,0,0.0,0,1189.9304981401228,0.0,47.0,71.0
214,7060,2022-10-03,Baltimore Orioles,Toronto Blue Jays,0,120.0,-135.0,0.4545454545454545,0.574468085106383,0.4341973589715701,0.5658026410284299,-0.020348095573884395,-0.00866544407795311,False,False,0,0,0,0,0.0,0,1189.9304981401228,0.0,47.0,71.0
215,3222,2021-07-17,Pittsburgh Pirates,New York Mets,1,155.0,-179.0,0.392156862745098,0.6415770609318996,0.435039473059421,0.5649605269405791,0.042882610314323,-0.07661653399132051,True,False,1,0,0,0,59.49652490700615,0,1282.1501117459825,92.21961360585954,48.0,71.0
216,5278,2022-05-23,San Diego Padres,Milwaukee Brewers,1,-114.0,-104.0,0.5327102803738317,0.5098039215686274,0.5258932667863534,0.4741067332136466,-0.006817013587478327,-0.03569718835498081,False,False,0,0,0,0,0.0,0,1282.1501117459825,0.0,48.0,71.0
217,2395,2021-05-15,Pittsburgh Pirates,San Francisco Giants,1,112.0,-126.0,0.4716981132075472,0.5575221238938053,0.4348571153566334,0.5651428846433666,-0.03684099785091377,0.007620760749561306,False,False,0,0,0,0,0.0,0,1282.1501117459825,0.0,48.0,71.0
218,5376,2022-05-30,Arizona Diamondbacks,Atlanta Braves,1,101.0,-118.0,0.4975124378109453,0.5412844036697247,0.4376915937688897,0.5623084062311103,-0.059820844042055565,0.02102400256138559,False,True,0,1,0,0,59.49652490700615,0,1222.6535868389763,0.0,48.0,72.0
219,603,2020-08-10,New York Mets,Washington Nationals,0,109.0,-122.0,0.4784688995215311,0.5495495495495496,0.5036921574685365,0.4963078425314635,0.025223257947005362,-0.053241707018086115,True,False,0,1,0,0,59.49652490700615,0,1163.15706193197,0.0,48.0,73.0
220,2830,2021-06-15,Seattle Mariners,Minnesota Twins,1,-104.0,-112.0,0.5098039215686274,0.5283018867924528,0.4915970458622494,0.5084029541377506,-0.018206875706378023,-0.019898932654702217,False,False,0,0,0,0,0.0,0,1163.15706193197,0.0,48.0,73.0
221,5591,2022-06-15,Arizona Diamondbacks,Cincinnati Reds,1,-127.5,110.0,0.5604395604395604,0.4761904761904761,0.5744469951158764,0.4255530048841237,0.014007434676315933,-0.05063747130635243,True,False,1,0,0,0,58.1578530965985,0,1208.7710643606747,45.61400242870471,49.0,73.0
222,6884,2022-09-20,Atlanta Braves,Washington Nationals,1,-325.0,275.0,0.7647058823529411,0.2666666666666666,0.6157005980965866,0.3842994019034134,-0.1490052842563545,0.11763273523674678,False,True,0,1,0,0,58.1578530965985,0,1150.6132112640762,0.0,49.0,74.0
223,8803,2023-06-24,Philadelphia Phillies,New York Mets,0,110.0,-128.0,0.4761904761904761,0.5614035087719298,0.4569548280480325,0.5430451719519676,-0.019235648142443607,-0.01835833681996224,False,False,0,0,0,0,0.0,0,1150.6132112640762,0.0,49.0,74.0
224,6948,2022-09-24,Arizona Diamondbacks,San Francisco Giants,1,-120.5,106.0,0.546485260770975,0.4854368932038835,0.4865400205678728,0.5134599794321272,-0.05994524020310221,0.028023086228243677,False,True,0,1,0,0,58.1578530965985,0,1092.4553581674777,0.0,49.0,75.0
225,6908,2022-09-22,Kansas City Royals,Minnesota Twins,1,114.0,-130.0,0.4672897196261682,0.5652173913043478,0.4461543844468806,0.5538456155531194,-0.021135335179287618,-0.011371775751228386,False,False,0,0,0,0,0.0,0,1092.4553581674777,0.0,49.0,75.0
226,2892,2021-06-20,Kansas City Royals,Boston Red Sox,1,125.0,-143.0,0.4444444444444444,0.588477366255144,0.4349182203435049,0.5650817796564951,-0.009526224100939507,-0.023395586598648932,False,False,0,0,0,0,0.0,0,1092.4553581674777,0.0,49.0,75.0
227,6528,2022-08-25,Tampa Bay Rays,Los Angeles Angels,1,-182.0,155.0,0.6453900709219859,0.392156862745098,0.6132209634011649,0.386779036598835,-0.032169107520820917,-0.005377826146262976,False,False,0,0,0,0,0.0,0,1092.4553581674777,0.0,49.0,75.0
228,2033,2021-04-18,Colorado Rockies,New York Mets,0,155.0,-179.0,0.392156862745098,0.6415770609318996,0.43485359332004,0.56514640667996,0.042696730574942,-0.07643065425193962,True,False,0,1,0,0,54.62276790837389,0,1037.8325902591039,0.0,49.0,76.0
229,8889,2023-06-30,Los Angeles Angels,Arizona Diamondbacks,0,-154.0,133.0,0.6062992125984252,0.4291845493562232,0.5736459572256571,0.4263540427743428,-0.032653255372768086,-0.0028305065818803876,False,False,0,0,0,0,0.0,0,1037.8325902591039,0.0,49.0,76.0
230,4884,2022-04-26,Washington Nationals,Miami Marlins,0,117.0,-133.0,0.4608294930875576,0.5708154506437768,0.4334416751240461,0.566558324875954,-0.02738781796351153,-0.004257125767822778,False,False,0,0,0,0,0.0,0,1037.8325902591039,0.0,49.0,76.0
231,4816,2022-04-20,Seattle Mariners,Texas Rangers,1,-149.0,130.0,0.5983935742971888,0.4347826086956521,0.6156308979173881,0.3843691020826119,0.017237323620199363,-0.050413506613040227,True,False,1,0,0,0,51.8916295129552,0,1072.6591872476645,34.82659698856054,50.0,76.0
232,8491,2023-05-31,New York Mets,Philadelphia Phillies,1,102.0,-119.0,0.495049504950495,0.54337899543379,0.4731575081588331,0.5268424918411668,-0.021891996791661872,-0.016536503592623153,False,False,0,0,0,0,0.0,0,1072.6591872476645,0.0,50.0,76.0
233,3092,2021-07-04,Kansas City Royals,Minnesota Twins,0,130.0,-147.0,0.4347826086956521,0.5951417004048583,0.4457505979749829,0.554249402025017,0.010967989279330792,-0.04089229837984121,True,False,0,1,0,0,51.8916295129552,0,1020.7675577347093,0.0,50.0,77.0
234,7900,2023-04-18,Washington Nationals,Baltimore Orioles,0,125.0,-143.0,0.4444444444444444,0.588477366255144,0.43286852719747,0.5671314728025301,-0.011575917246974432,-0.02134589345261395,False,False,0,0,0,0,0.0,0,1020.7675577347093,0.0,50.0,77.0
235,3262,2021-07-19,Los Angeles Dodgers,San Francisco Giants,0,-125.0,105.0,0.5555555555555556,0.4878048780487805,0.6078905319460055,0.3921094680539944,0.05233497639044993,-0.0956954099947861,True,False,0,1,0,0,51.03837788673547,0,969.7291798479738,0.0,50.0,78.0
236,5754,2022-06-27,New York Yankees,Oakland Athletics,1,-303.0,250.0,0.7518610421836228,0.2857142857142857,0.6156821749783533,0.3843178250216467,-0.1361788672052695,0.09860353930736099,False,True,0,1,0,0,51.03837788673547,0,918.6908019612383,0.0,50.0,79.0
237,5934,2022-07-10,Baltimore Orioles,Los Angeles Angels,1,100.0,-114.0,0.5,0.5327102803738317,0.472345443306814,0.5276545566931858,-0.027654556693186005,-0.005055723680645885,False,False,0,0,0,0,0.0,0,918.6908019612383,0.0,50.0,79.0
238,6973,2022-09-27,Toronto Blue Jays,New York Yankees,0,-110.0,-105.0,0.5238095238095238,0.5121951219512195,0.4936123574944437,0.5063876425055562,-0.030197166315080126,-0.005807479445663288,False,False,0,0,0,0,0.0,0,918.6908019612383,0.0,50.0,79.0
239,8035,2023-04-28,New York Mets,Atlanta Braves,0,125.0,-142.5,0.4444444444444444,0.5876288659793815,0.4423682362037522,0.5576317637962478,-0.002076208240692212,-0.029997102183133673,False,False,0,0,0,0,0.0,0,918.6908019612383,0.0,50.0,79.0
240,4936,2022-04-29,Los Angeles Dodgers,Detroit Tigers,1,-241.0,200.0,0.7067448680351907,0.3333333333333333,0.6156646667135794,0.3843353332864205,-0.09108020132161121,0.051001999953087185,False,True,0,1,0,0,45.934540098061916,0,872.7562618631764,0.0,50.0,80.0
241,8467,2023-05-30,Miami Marlins,San Diego Padres,0,-130.0,115.0,0.5652173913043478,0.4651162790697674,0.585663309612201,0.4143366903877989,0.02044591830785325,-0.05077958868196847,True,False,0,1,0,0,45.934540098061916,0,826.8217217651145,0.0,50.0,81.0
242,2327,2021-05-10,Pittsburgh Pirates,Cincinnati Reds,0,120.0,-135.0,0.4545454545454545,0.574468085106383,0.4411951874171267,0.5588048125828733,-0.013350267128327764,-0.01566327252350974,False,False,0,0,0,0,0.0,0,826.8217217651145,0.0,50.0,81.0
243,5773,2022-06-28,Colorado Rockies,Los Angeles Dodgers,1,185.0,-222.0,0.3508771929824561,0.6894409937888198,0.4317132936779637,0.5682867063220363,0.08083610069550756,-0.12115428746678358,True,False,1,0,0,0,45.934540098061916,0,911.8006209465291,84.97889918141455,51.0,81.0
244,6519,2022-08-24,Seattle Mariners,Washington Nationals,0,-303.0,253.0,0.7518610421836228,0.28328611898017,0.6154888090364584,0.3845111909635416,-0.1363722331471644,0.1012250719833716,False,True,1,0,0,0,45.934540098061916,0,1028.0150073946256,116.21438644809663,52.0,81.0
245,1268,2020-09-24,Kansas City Royals,Detroit Tigers,1,-156.0,137.5,0.609375,0.4210526315789473,0.6048587944111761,0.395141205588824,-0.004516205588823929,-0.025911425990123305,False,False,0,0,0,0,0.0,0,1028.0150073946256,0.0,52.0,81.0
246,6098,2022-07-24,Seattle Mariners,Houston Astros,0,102.0,-118.0,0.495049504950495,0.5412844036697247,0.4362170553447602,0.5637829446552398,-0.058832449605734805,0.02249854098551507,False,True,1,0,0,0,51.400750369731284,0,1071.5749653350758,43.55995794045024,53.0,81.0
247,3112,2021-07-06,Texas Rangers,Detroit Tigers,1,-177.0,155.0,0.6389891696750902,0.392156862745098,0.568657522715904,0.431342477284096,-0.07033164695918626,0.03918561453899805,False,True,0,1,0,0,51.400750369731284,0,1020.1742149653445,0.0,53.0,82.0
248,1956,2021-04-13,Atlanta Braves,Miami Marlins,0,-185.0,160.0,0.6491228070175439,0.3846153846153846,0.612556091699172,0.387443908300828,-0.036566715318371856,0.002828523685443396,False,False,0,0,0,0,0.0,0,1020.1742149653445,0.0,53.0,82.0
249,2694,2021-06-05,Milwaukee Brewers,Arizona Diamondbacks,1,-227.0,195.0,0.6941896024464832,0.3389830508474576,0.6142680894933101,0.3857319105066899,-0.07992151295317307,0.04674885965923231,False,True,0,1,0,0,51.400750369731284,0,968.7734645956132,0.0,53.0,83.0
250,8241,2023-05-13,Cleveland Guardians,Los Angeles Angels,1,100.0,-115.0,0.5,0.5348837209302325,0.4506291356863348,0.5493708643136652,-0.04937086431366522,0.01448714338343271,False,True,0,1,0,0,48.43867322978066,0,920.3347913658325,0.0,53.0,84.0
251,8452,2023-05-28,Arizona Diamondbacks,Boston Red Sox,1,-114.0,-104.0,0.5327102803738317,0.5098039215686274,0.5262662656579028,0.4737337343420972,-0.006444014715928925,-0.036070187226530215,False,False,0,0,0,0,0.0,0,920.3347913658325,0.0,53.0,84.0
252,8793,2023-06-23,Toronto Blue Jays,Oakland Athletics,0,-295.0,245.0,0.7468354430379747,0.2898550724637681,0.615796713074036,0.3842032869259639,-0.13103872996393862,0.09434821446219577,False,True,1,0,0,0,48.43867322978066,0,1039.009540778795,118.67474941296263,54.0,84.0
253,3730,2021-08-22,Los Angeles Dodgers,New York Mets,0,-196.0,165.0,0.6621621621621622,0.3773584905660377,0.6150488151154557,0.3849511848845443,-0.047113347046706444,0.007592694318506565,False,False,0,0,0,0,0.0,0,1039.009540778795,0.0,54.0,84.0
254,6907,2022-09-22,Texas Rangers,Los Angeles Angels,1,-143.0,125.0,0.588477366255144,0.4444444444444444,0.5878433964929644,0.4121566035070357,-0.0006339697621796647,-0.03228784093740872,False,False,0,0,0,0,0.0,0,1039.009540778795,0.0,54.0,84.0
255,4748,2022-04-16,Boston Red Sox,Minnesota Twins,1,-130.0,112.0,0.5652173913043478,0.4716981132075472,0.5407967310951182,0.4592032689048818,-0.024420660209229617,-0.012494844302665398,False,False,0,0,0,0,0.0,0,1039.009540778795,0.0,54.0,84.0
256,7890,2023-04-17,Seattle Mariners,Milwaukee Brewers,0,125.5,-145.0,0.4434589800443459,0.5918367346938775,0.4373819710023284,0.5626180289976717,-0.006077009042017523,-0.029218705696205882,False,False,0,0,0,0,0.0,0,1039.009540778795,0.0,54.0,84.0
257,1029,2020-09-08,Washington Nationals,Tampa Bay Rays,1,141.0,-159.0,0.4149377593360996,0.6138996138996139,0.4349624264042446,0.5650375735957553,0.020024667068144986,-0.048862040303858545,True,False,1,0,0,0,51.95047703893976,0,1112.2597134037,73.25017262490506,55.0,84.0
258,8265,2023-05-15,Baltimore Orioles,Los Angeles Angels,0,112.0,-129.0,0.4716981132075472,0.5633187772925764,0.4702415129243692,0.5297584870756307,-0.0014566002831779556,-0.03356029021694573,False,False,0,0,0,0,0.0,0,1112.2597134037,0.0,55.0,84.0
259,6298,2022-08-08,New York Mets,Cincinnati Reds,1,-312.0,260.0,0.7572815533980582,0.2777777777777778,0.6146905404441738,0.3853094595558262,-0.14259101295388443,0.1075316817780484,False,True,0,1,0,0,51.95047703893976,0,1060.3092363647604,0.0,55.0,85.0
260,8740,2023-06-19,Miami Marlins,Toronto Blue Jays,1,134.0,-155.0,0.4273504273504273,0.6078431372549019,0.4424503945246364,0.5575496054753636,0.015099967174209139,-0.050293531779538325,True,False,1,0,0,0,53.01546181823802,0,1131.3499552011995,71.04071883643896,56.0,85.0
261,6825,2022-09-16,Tampa Bay Rays,Texas Rangers,0,-143.0,125.0,0.588477366255144,0.4444444444444444,0.612697216865464,0.387302783134536,0.02421985061031995,-0.05714166130990844,True,False,0,1,0,0,53.01546181823802,0,1078.3344933829615,0.0,56.0,86.0
262,5569,2022-06-13,Arizona Diamondbacks,Cincinnati Reds,0,-162.5,140.0,0.6190476190476191,0.4166666666666667,0.6028177747792607,0.3971822252207393,-0.016229844268358384,-0.01948444144592737,False,False,0,0,0,0,0.0,0,1078.3344933829615,0.0,56.0,86.0
263,6536,2022-08-25,Oakland Athletics,New York Yankees,0,190.0,-222.0,0.3448275862068966,0.6894409937888198,0.4318804410143899,0.5681195589856101,0.08705285480749331,-0.12132143480320978,True,False,0,1,0,0,53.01546181823802,0,1025.3190315647234,0.0,56.0,87.0
264,6778,2022-09-12,Arizona Diamondbacks,Los Angeles Dodgers,0,194.5,-222.0,0.3395585738539898,0.6894409937888198,0.4315152254212328,0.5684847745787672,0.09195665156724298,-0.12095621921005262,True,False,0,1,0,0,53.01546181823802,0,972.3035697464854,0.0,56.0,88.0
265,7079,2022-10-04,Cincinnati Reds,Chicago Cubs,1,-109.5,-105.0,0.522673031026253,0.5121951219512195,0.5326670803143103,0.4673329196856897,0.00999404928805736,-0.04486220226552984,False,False,0,0,0,0,0.0,0,972.3035697464854,0.0,56.0,88.0
266,4150,2021-09-22,San Diego Padres,San Francisco Giants,0,110.0,-125.0,0.4761904761904761,0.5555555555555556,0.4408107015605296,0.5591892984394703,-0.035379774629946514,0.0036337428839147146,False,False,0,0,0,0,0.0,0,972.3035697464854,0.0,56.0,88.0
267,6275,2022-08-06,Oakland Athletics,San Francisco Giants,0,180.0,-208.0,0.3571428571428571,0.6753246753246753,0.4331855672373115,0.5668144327626885,0.0760427100944544,-0.10851024256198682,True,False,0,1,0,0,48.61517848732427,0,923.6883912591611,0.0,56.0,89.0
268,2675,2021-06-04,Toronto Blue Jays,Houston Astros,0,-123.0,105.0,0.5515695067264574,0.4878048780487805,0.5623911709762892,0.4376088290237107,0.010821664249831775,-0.0501960490250698,True,False,0,1,0,0,48.61517848732427,0,875.0732127718368,0.0,56.0,90.0
269,8780,2023-06-22,Cleveland Guardians,Oakland Athletics,1,-179.0,155.0,0.6415770609318996,0.392156862745098,0.6154169805952944,0.3845830194047056,-0.026160080336605218,-0.0075738433403924055,False,False,0,0,0,0,0.0,0,875.0732127718368,0.0,56.0,90.0
270,2890,2021-06-20,Baltimore Orioles,Toronto Blue Jays,0,175.0,-208.0,0.3636363636363636,0.6753246753246753,0.4325392228633809,0.567460777136619,0.06890285922701733,-0.1078638981880563,True,False,0,1,0,0,43.75366063859184,0,831.319552133245,0.0,56.0,91.0
271,2378,2021-05-14,Baltimore Orioles,New York Yankees,0,165.0,-192.0,0.3773584905660377,0.6575342465753424,0.4329612308241273,0.5670387691758727,0.05560274025808959,-0.09049547739946973,True,False,0,1,0,0,43.75366063859184,0,787.5658914946532,0.0,56.0,92.0
272,6322,2022-08-10,Chicago Cubs,Washington Nationals,1,-175.0,150.0,0.6363636363636364,0.4,0.6097490636258607,0.3902509363741392,-0.026614572737775677,-0.00974906362586081,False,False,0,0,0,0,0.0,0,787.5658914946532,0.0,56.0,92.0
273,8166,2023-05-07,Los Angeles Angels,Texas Rangers,0,-120.0,106.0,0.5454545454545454,0.4854368932038835,0.5257344115841377,0.4742655884158623,-0.01972013387040772,-0.011171304788021197,False,False,0,0,0,0,0.0,0,787.5658914946532,0.0,56.0,92.0
274,3913,2021-09-05,Tampa Bay Rays,Minnesota Twins,0,-208.0,175.5,0.6753246753246753,0.3629764065335753,0.6138793310592187,0.3861206689407813,-0.06144534426545667,0.023144262407205962,False,True,1,0,0,0,43.75366063859184,0,864.3535659153819,76.78767442072868,57.0,92.0
275,4775,2022-04-18,Milwaukee Brewers,Pittsburgh Pirates,1,-175.0,155.0,0.6363636363636364,0.392156862745098,0.5950413492977529,0.4049586507022471,-0.04132228706588348,0.012801787957149147,False,True,0,1,0,0,43.2176782957691,0,821.1358876196127,0.0,57.0,93.0
276,5917,2022-07-08,Los Angeles Dodgers,Chicago Cubs,1,-233.0,198.0,0.6996996996996997,0.3355704697986577,0.6153016573457986,0.3846983426542014,-0.08439804235390114,0.04912787285554371,False,True,0,1,0,0,43.2176782957691,0,777.9182093238436,0.0,57.0,94.0
277,4812,2022-04-20,Washington Nationals,Arizona Diamondbacks,0,-129.0,110.0,0.5633187772925764,0.4761904761904761,0.6140951153964731,0.3859048846035269,0.0507763381038967,-0.09028559158694921,True,False,0,1,0,0,43.2176782957691,0,734.7005310280745,0.0,57.0,95.0
278,2130,2021-04-25,Colorado Rockies,Philadelphia Phillies,1,-111.0,-101.5,0.5260663507109005,0.5037220843672456,0.4788675209357084,0.5211324790642916,-0.047198829775192075,0.017410394697045972,False,True,0,1,0,0,43.2176782957691,0,691.4828527323053,0.0,57.0,96.0
279,2132,2021-04-25,Los Angeles Dodgers,San Diego Padres,0,-120.0,105.0,0.5454545454545454,0.4878048780487805,0.6113169847916272,0.3886830152083728,0.0658624393370818,-0.09912186284040769,True,False,0,1,0,0,43.2176782957691,0,648.2651744365362,0.0,57.0,97.0
280,5271,2022-05-23,New York Yankees,Baltimore Orioles,0,-333.0,270.0,0.76905311778291,0.2702702702702703,0.6154505843508565,0.3845494156491434,-0.15360253343205343,0.11427914537887313,False,True,1,0,0,0,32.413258721826814,0,735.7809729854686,87.51579854893241,58.0,97.0
281,3423,2021-07-31,Pittsburgh Pirates,Philadelphia Phillies,1,136.0,-156.0,0.423728813559322,0.609375,0.4372688613342068,0.5627311386657932,0.013540047774884767,-0.04664386133420684,True,False,1,0,0,0,32.413258721826814,0,779.863004847153,44.08203186168447,59.0,97.0
282,3476,2021-08-04,Miami Marlins,New York Mets,0,138.0,-159.0,0.4201680672268907,0.6138996138996139,0.4478637695434958,0.5521362304565043,0.02769570231660512,-0.06176338344310961,True,False,0,1,0,0,32.413258721826814,0,747.4497461253262,0.0,59.0,98.0
283,5780,2022-06-29,New York Yankees,Oakland Athletics,1,-286.0,240.0,0.7409326424870466,0.2941176470588235,0.6157720331399499,0.3842279668600502,-0.12516060934709672,0.09011031980122669,False,True,0,1,0,0,32.413258721826814,0,715.0364874034995,0.0,59.0,99.0
284,765,2020-08-21,Kansas City Royals,Minnesota Twins,1,135.0,-153.0,0.425531914893617,0.6047430830039525,0.4324043046644888,0.5675956953355111,0.00687238977087179,-0.03714738766844139,False,False,0,0,0,0,0.0,0,715.0364874034995,0.0,59.0,99.0
285,3401,2021-07-30,Pittsburgh Pirates,Philadelphia Phillies,1,115.0,-132.0,0.4651162790697674,0.5689655172413793,0.4345001367440876,0.5654998632559125,-0.030616142325679774,-0.0034656539854668322,False,False,0,0,0,0,0.0,0,715.0364874034995,0.0,59.0,99.0
286,461,2020-07-31,Arizona Diamondbacks,Los Angeles Dodgers,1,121.0,-134.0,0.4524886877828054,0.5726495726495726,0.4319128480580985,0.5680871519419015,-0.02057583972470689,-0.0045624207076711,False,False,0,0,0,0,0.0,0,715.0364874034995,0.0,59.0,99.0
287,6491,2022-08-22,Pittsburgh Pirates,Atlanta Braves,0,170.0,-196.0,0.3703703703703703,0.6621621621621622,0.4316897289965629,0.5683102710034371,0.06131935862619259,-0.09385189115872505,True,False,0,1,0,0,35.75182437017497,0,679.2846630333245,0.0,59.0,100.0
288,1215,2020-09-20,Seattle Mariners,San Diego Padres,0,210.0,-241.0,0.3225806451612903,0.7067448680351907,0.4322682688958262,0.5677317311041739,0.10968762373453589,-0.1390131369310168,True,False,0,1,0,0,35.75182437017497,0,643.5328386631495,0.0,59.0,101.0
289,1195,2020-09-19,Houston Astros,Arizona Diamondbacks,1,-169.0,154.0,0.6282527881040892,0.3937007874015748,0.6087532857693556,0.3912467142306443,-0.01949950233473363,-0.0024540731709305486,False,False,0,0,0,0,0.0,0,643.5328386631495,0.0,59.0,101.0
290,5989,2022-07-13,Colorado Rockies,San Diego Padres,1,150.0,-169.0,0.4,0.6282527881040892,0.4360584048734144,0.5639415951265856,0.036058404873414385,-0.06431119297750365,True,False,1,0,0,0,32.17664193315748,0,691.7978015628858,48.26496289973622,60.0,101.0
291,6602,2022-08-30,Los Angeles Angels,New York Yankees,0,155.0,-179.0,0.392156862745098,0.6415770609318996,0.4337654317589693,0.5662345682410306,0.04160856901387133,-0.07534249269086901,True,False,0,1,0,0,32.17664193315748,0,659.6211596297283,0.0,60.0,102.0
292,8200,2023-05-10,Milwaukee Brewers,Los Angeles Dodgers,0,142.5,-165.0,0.4123711340206185,0.6226415094339622,0.4331871202655789,0.5668128797344211,0.020815986244960394,-0.055828629699541166,True,False,0,1,0,0,32.17664193315748,0,627.4445176965708,0.0,60.0,103.0
293,6092,2022-07-24,Detroit Tigers,Minnesota Twins,0,153.5,-175.0,0.3944773175542406,0.6363636363636364,0.4341849929254923,0.5658150070745076,0.039707675371251694,-0.07054862928912875,True,False,0,1,0,0,32.17664193315748,0,595.2678757634133,0.0,60.0,104.0
294,8056,2023-04-29,Texas Rangers,New York Yankees,1,-148.0,128.0,0.5967741935483871,0.4385964912280701,0.5602177890246232,0.4397822109753768,-0.03655640452376396,0.0011857197473066905,False,False,0,0,0,0,0.0,0,595.2678757634133,0.0,60.0,104.0
295,910,2020-08-30,Arizona Diamondbacks,San Francisco Giants,0,-130.0,117.0,0.5652173913043478,0.4608294930875576,0.5785326907510286,0.4214673092489714,0.013315299446680862,-0.039362183838586196,True,False,0,1,0,0,29.763393788170664,0,565.5044819752426,0.0,60.0,105.0
296,5463,2022-06-05,Texas Rangers,Seattle Mariners,0,-125.0,110.0,0.5555555555555556,0.4761904761904761,0.566680704300544,0.4333192956994561,0.011125148744988378,-0.04287118049102001,True,False,0,1,0,0,29.763393788170664,0,535.7410881870719,0.0,60.0,106.0
297,8299,2023-05-17,Toronto Blue Jays,New York Yankees,1,102.0,-118.0,0.495049504950495,0.5412844036697247,0.4386436788746791,0.561356321125321,-0.0564058260758159,0.020071917455596222,False,True,0,1,0,0,29.763393788170664,0,505.97769439890124,0.0,60.0,107.0
298,3103,2021-07-05,New York Mets,Milwaukee Brewers,1,135.0,-152.0,0.425531914893617,0.6031746031746031,0.4390395507836983,0.5609604492163017,0.013507635890081249,-0.042214153958301415,True,False,1,0,0,0,29.763393788170664,0,546.1582760129317,40.1805816140304,61.0,107.0
299,6839,2022-09-17,Chicago Cubs,Colorado Rockies,0,-141.0,125.0,0.5850622406639004,0.4444444444444444,0.5942635250368528,0.4057364749631472,0.009201284372952312,-0.03870796948129723,False,False,0,0,0,0,0.0,0,546.1582760129317,0.0,61.0,107.0
300,3377,2021-07-28,San Diego Padres,Oakland Athletics,0,-135.0,120.0,0.574468085106383,0.4545454545454545,0.5975939843586733,0.4024060156413268,0.02312589925229025,-0.0521394389041277,True,False,0,1,0,0,27.307913800646585,0,518.8503622122851,0.0,61.0,108.0
301,8534,2023-06-04,Boston Red Sox,Tampa Bay Rays,0,102.0,-117.5,0.495049504950495,0.5402298850574713,0.4348389341065229,0.5651610658934771,-0.06021057084397208,0.024931180836005873,False,True,1,0,0,0,27.307913800646585,0,542.091139914963,23.240777702677946,62.0,108.0
302,2215,2021-05-02,Washington Nationals,Miami Marlins,1,-147.0,132.0,0.5951417004048583,0.4310344827586206,0.5983591778994755,0.4016408221005246,0.0032174774946172047,-0.02939366065809601,False,False,0,0,0,0,0.0,0,542.091139914963,0.0,62.0,108.0
303,8603,2023-06-09,New York Yankees,Boston Red Sox,0,-167.0,145.0,0.6254681647940075,0.4081632653061224,0.6121872655802043,0.3878127344197957,-0.013280899213803155,-0.020350530886326712,False,False,0,0,0,0,0.0,0,542.091139914963,0.0,62.0,108.0
304,610,2020-08-10,Los Angeles Angels,Oakland Athletics,1,112.0,-128.0,0.4716981132075472,0.5614035087719298,0.431978749978106,0.568021250021894,-0.039719363229441196,0.006617741249964171,False,False,0,0,0,0,0.0,0,542.091139914963,0.0,62.0,108.0
305,4859,2022-04-24,Tampa Bay Rays,Boston Red Sox,1,-175.0,150.0,0.6363636363636364,0.4,0.6077636948251364,0.3922363051748637,-0.028599941538499984,-0.007763694825136336,False,False,0,0,0,0,0.0,0,542.091139914963,0.0,62.0,108.0
306,3764,2021-08-25,New York Mets,San Francisco Giants,0,-112.0,-103.5,0.5283018867924528,0.5085995085995086,0.4663042018861376,0.5336957981138624,-0.06199768490631524,0.02509628951435372,False,True,1,0,0,0,27.104556995748155,0,568.2791176886327,26.187977773669715,63.0,108.0
307,6640,2022-09-02,Arizona Diamondbacks,Milwaukee Brewers,1,-103.0,-114.0,0.5073891625615764,0.5327102803738317,0.4503558700977518,0.5496441299022483,-0.0570332924638246,0.01693384952841659,False,True,0,1,0,0,27.104556995748155,0,541.1745606928846,0.0,63.0,109.0
308,6104,2022-07-25,Boston Red Sox,Cleveland Guardians,1,-105.0,-110.0,0.5121951219512195,0.5238095238095238,0.4594856526538819,0.540514347346118,-0.05270946929733761,0.016704823536594193,False,True,0,1,0,0,27.104556995748155,0,514.0700036971365,0.0,63.0,110.0
309,8430,2023-05-27,Kansas City Royals,Washington Nationals,0,-110.0,-106.5,0.5238095238095238,0.5157384987893463,0.4687573915176332,0.5312426084823669,-0.055052132291890654,0.015504109693020629,False,True,1,0,0,0,27.104556995748155,0,539.520291956055,25.450288258918455,64.0,110.0
310,3061,2021-07-02,Kansas City Royals,Minnesota Twins,1,-112.0,-104.0,0.5283018867924528,0.5098039215686274,0.5141482034404747,0.4858517965595253,-0.014153683351978086,-0.0239521250091021,False,False,0,0,0,0,0.0,0,539.520291956055,0.0,64.0,110.0
311,3780,2021-08-26,Oakland Athletics,New York Yankees,0,-102.0,-115.0,0.504950495049505,0.5348837209302325,0.4518075719850331,0.5481924280149668,-0.05314292306447188,0.013308707084734306,False,True,1,0,0,0,26.97601459780275,0,562.9776959541443,23.457403998089347,65.0,110.0
312,5552,2022-06-12,Detroit Tigers,Toronto Blue Jays,0,125.0,-145.0,0.4444444444444444,0.5918367346938775,0.435012710226265,0.564987289773735,-0.009431734218179444,-0.026849444920142518,False,False,0,0,0,0,0.0,0,562.9776959541443,0.0,65.0,110.0
313,8294,2023-05-17,Oakland Athletics,Arizona Diamondbacks,0,140.0,-160.5,0.4166666666666667,0.6161228406909789,0.4317050463248847,0.5682949536751152,0.015038379658218026,-0.04782788701586371,True,False,0,1,0,0,26.97601459780275,0,536.0016813563416,0.0,65.0,111.0
314,5800,2022-06-30,Seattle Mariners,Oakland Athletics,1,-222.0,190.0,0.6894409937888198,0.3448275862068966,0.6147559942171387,0.3852440057828613,-0.07468499957168118,0.0404164195759647,False,True,0,1,0,0,26.97601459780275,0,509.0256667585388,0.0,65.0,112.0
315,6974,2022-09-27,Boston Red Sox,Baltimore Orioles,1,-129.0,112.0,0.5633187772925764,0.4716981132075472,0.5645393123741378,0.4354606876258622,0.0012205350815613913,-0.03623742558168497,False,False,0,0,0,0,0.0,0,509.0256667585388,0.0,65.0,112.0
316,5418,2022-06-02,Milwaukee Brewers,San Diego Padres,1,-115.0,100.0,0.5348837209302325,0.5,0.5916496041166563,0.4083503958833437,0.05676588318642384,-0.09164960411665629,True,False,1,0,0,0,25.45128333792694,0,531.1572174871709,22.131550728632124,66.0,112.0
317,8879,2023-06-30,Cincinnati Reds,San Diego Padres,1,118.0,-135.0,0.4587155963302752,0.574468085106383,0.4482790058144226,0.5517209941855774,-0.010436590515852606,-0.022747090920805624,False,False,0,0,0,0,0.0,0,531.1572174871709,0.0,66.0,112.0
318,6795,2022-09-13,Seattle Mariners,San Diego Padres,0,-110.0,-104.0,0.5238095238095238,0.5098039215686274,0.5464983256470486,0.4535016743529514,0.022688801837524752,-0.056302247215676005,True,False,0,1,0,0,25.45128333792694,0,505.70593414924394,0.0,66.0,113.0
319,4851,2022-04-23,Houston Astros,Toronto Blue Jays,0,108.0,-125.0,0.4807692307692308,0.5555555555555556,0.4385193341822849,0.561480665817715,-0.04224989658694589,0.005925110262159472,False,False,0,0,0,0,0.0,0,505.70593414924394,0.0,66.0,113.0
320,1246,2020-09-23,San Diego Padres,Los Angeles Angels,0,-183.5,161.5,0.6472663139329806,0.3824091778202677,0.6073460848928957,0.3926539151071043,-0.039920229040084965,0.010244737286836614,False,True,1,0,0,0,25.285296707462198,0,546.5416883317954,40.83575418255145,67.0,113.0
321,5831,2022-07-02,Los Angeles Dodgers,San Diego Padres,1,-147.0,130.0,0.5951417004048583,0.4347826086956521,0.609525154362587,0.390474845637413,0.014383453957728776,-0.04430776305823908,True,False,1,0,0,0,25.285296707462198,0,563.7425704457153,17.20088211391986,68.0,113.0
322,3266,2021-07-20,Washington Nationals,Miami Marlins,1,102.0,-120.0,0.495049504950495,0.5454545454545454,0.5326012020161044,0.4673987979838956,0.0375516970656094,-0.0780557474706498,True,False,1,0,0,0,25.285296707462198,0,589.5335730873267,25.791002641611442,69.0,113.0
323,2036,2021-04-18,Seattle Mariners,Houston Astros,1,102.0,-118.0,0.495049504950495,0.5412844036697247,0.4840330586904163,0.5159669413095836,-0.011016446260078694,-0.025317462360141096,False,False,0,0,0,0,0.0,0,589.5335730873267,0.0,69.0,113.0
324,6374,2022-08-14,Toronto Blue Jays,Cleveland Guardians,0,-139.0,122.0,0.5815899581589958,0.4504504504504504,0.5924798375098608,0.4075201624901391,0.01088987935086494,-0.042930287960311286,True,False,0,1,0,0,25.285296707462198,0,564.2482763798645,0.0,69.0,114.0
325,8805,2023-06-24,Toronto Blue Jays,Oakland Athletics,1,-265.0,220.0,0.726027397260274,0.3125,0.6157056606449403,0.3842943393550597,-0.11032173661533373,0.07179433935505969,False,True,0,1,0,0,28.212413818993227,0,536.0358625608712,0.0,69.0,115.0
326,4855,2022-04-23,San Diego Padres,Los Angeles Dodgers,1,100.0,-117.0,0.5,0.5391705069124424,0.4362707502644416,0.5637292497355584,-0.06372924973555838,0.024558742823115987,False,True,0,1,0,0,28.212413818993227,0,507.823448741878,0.0,69.0,116.0
327,3503,2021-08-06,Houston Astros,Minnesota Twins,0,-213.0,181.5,0.6805111821086262,0.3552397868561279,0.6056188112685987,0.3943811887314012,-0.07489237084002742,0.03914140187527332,False,True,1,0,0,0,28.212413818993227,0,559.0289798233507,51.20553108147271,70.0,116.0
328,6182,2022-07-31,Toronto Blue Jays,Detroit Tigers,1,-294.0,240.0,0.7461928934010152,0.2941176470588235,0.6148761680306948,0.3851238319693052,-0.13131672537032046,0.09100618491048174,False,True,0,1,0,0,28.212413818993227,0,530.8165660043575,0.0,70.0,117.0
329,6185,2022-07-31,Atlanta Braves,Arizona Diamondbacks,1,-233.0,195.0,0.6996996996996997,0.3389830508474576,0.6138228295032141,0.3861771704967859,-0.0858768701964856,0.04719411964932829,False,True,0,1,0,0,28.212413818993227,0,502.6041521853642,0.0,70.0,118.0
330,7984,2023-04-24,Atlanta Braves,Miami Marlins,1,-275.0,235.0,0.7333333333333333,0.2985074626865671,0.6142317360306575,0.3857682639693425,-0.11910159730267578,0.08726080128277541,False,True,0,1,0,0,25.13020760926821,0,477.473944576096,0.0,70.0,119.0
331,2668,2021-06-03,Los Angeles Angels,Seattle Mariners,0,-156.0,138.0,0.609375,0.4201680672268907,0.5965376353981301,0.4034623646018699,-0.012837364601869905,-0.016705702625020802,False,False,0,0,0,0,0.0,0,477.473944576096,0.0,70.0,119.0
332,3507,2021-08-06,Oakland Athletics,Texas Rangers,1,-282.0,235.0,0.7382198952879581,0.2985074626865671,0.615287239315523,0.384712760684477,-0.12293265597243508,0.08620529799790994,False,True,0,1,0,0,25.13020760926821,0,452.3437369668278,0.0,70.0,120.0
333,997,2020-09-05,Seattle Mariners,Texas Rangers,1,-130.0,116.0,0.5652173913043478,0.4629629629629629,0.603223889928776,0.396776110071224,0.038006498624428176,-0.06618685289173892,True,False,1,0,0,0,25.13020760926821,0,471.6746658970341,19.33092893020632,71.0,120.0
334,8758,2023-06-20,Houston Astros,New York Mets,1,-138.0,120.0,0.5798319327731093,0.4545454545454545,0.5717908654364872,0.4282091345635128,-0.008041067336622132,-0.02633631998194169,False,False,0,0,0,0,0.0,0,471.6746658970341,0.0,71.0,120.0
335,7091,2022-10-05,Oakland Athletics,Los Angeles Angels,1,205.0,-240.0,0.3278688524590163,0.7058823529411765,0.4344785899817642,0.5655214100182357,0.10660973752274788,-0.14036094292294077,True,False,1,0,0,0,23.583733294851708,0,520.0213191514802,48.346653254446,72.0,120.0
336,2092,2021-04-23,Tampa Bay Rays,Toronto Blue Jays,0,-158.5,138.0,0.6131528046421664,0.4201680672268907,0.5962495864677739,0.403750413532226,-0.016903218174392443,-0.01641765369466469,False,False,0,0,0,0,0.0,0,520.0213191514802,0.0,72.0,120.0
337,5318,2022-05-26,Oakland Athletics,Texas Rangers,0,-120.0,105.0,0.5454545454545454,0.4878048780487805,0.5821072210608587,0.4178927789391413,0.036652675606313245,-0.06991209910963919,True,False,0,1,0,0,23.583733294851708,0,496.43758585662846,0.0,72.0,121.0
338,6687,2022-09-06,Pittsburgh Pirates,New York Mets,1,190.0,-222.0,0.3448275862068966,0.6894409937888198,0.4318363028393351,0.5681636971606648,0.08700871663243853,-0.121277296628155,True,False,1,0,0,0,23.583733294851708,0,541.2466791168467,44.80909326021824,73.0,121.0
339,3939,2021-09-07,New York Yankees,Toronto Blue Jays,0,-204.0,175.0,0.6710526315789473,0.3636363636363636,0.5786879012792513,0.4213120987207487,-0.09236473029969605,0.057675735084385116,False,True,1,0,0,0,23.583733294851708,0,582.5182123828372,41.27153326599049,74.0,121.0
340,3718,2021-08-21,San Diego Padres,Philadelphia Phillies,1,-172.0,149.0,0.6323529411764706,0.4016064257028112,0.6024167844614887,0.3975832155385112,-0.029936156714981843,-0.004023210164299962,False,False,0,0,0,0,0.0,0,582.5182123828372,0.0,74.0,121.0
341,5639,2022-06-18,Washington Nationals,Philadelphia Phillies,0,175.0,-208.0,0.3636363636363636,0.6753246753246753,0.4316288023682563,0.5683711976317437,0.0679924387318927,-0.10695347769293162,True,False,0,1,0,0,29.125910619141862,0,553.3923017636953,0.0,74.0,122.0
342,5620,2022-06-17,Detroit Tigers,Texas Rangers,0,-120.0,104.0,0.5454545454545454,0.4901960784313725,0.5476460130579935,0.4523539869420064,0.0021914676034481273,-0.03784209148936607,False,False,0,0,0,0,0.0,0,553.3923017636953,0.0,74.0,122.0
343,6774,2022-09-12,Detroit Tigers,Houston Astros,0,180.0,-208.0,0.3571428571428571,0.6753246753246753,0.4317532889159626,0.5682467110840375,0.0746104317731055,-0.10707796424063787,True,False,0,1,0,0,29.125910619141862,0,524.2663911445534,0.0,74.0,123.0
344,8291,2023-05-17,Detroit Tigers,Pittsburgh Pirates,0,-160.0,138.5,0.6153846153846154,0.4192872117400419,0.5924762012691247,0.4075237987308753,-0.022908414115490716,-0.011763413009166612,False,False,0,0,0,0,0.0,0,524.2663911445534,0.0,74.0,123.0
345,2183,2021-04-29,Arizona Diamondbacks,Colorado Rockies,1,-154.0,135.0,0.6062992125984252,0.425531914893617,0.6056540222902302,0.3943459777097698,-0.0006451903081949872,-0.031185937183847212,False,False,0,0,0,0,0.0,0,524.2663911445534,0.0,74.0,123.0
346,8221,2023-05-12,Baltimore Orioles,Pittsburgh Pirates,1,-156.0,135.0,0.609375,0.425531914893617,0.6072456487649847,0.3927543512350153,-0.002129351235015342,-0.03277756365860174,False,False,0,0,0,0,0.0,0,524.2663911445534,0.0,74.0,123.0
347,6231,2022-08-03,Washington Nationals,New York Mets,0,207.5,-250.0,0.3252032520325203,0.7142857142857143,0.4316170152007426,0.5683829847992574,0.10641376316822226,-0.14590272948645688,True,False,0,1,0,0,26.21331955722767,0,498.0530715873257,0.0,74.0,124.0
348,6635,2022-09-02,Tampa Bay Rays,New York Yankees,1,-125.0,110.0,0.5555555555555556,0.4761904761904761,0.5841156691948929,0.4158843308051071,0.028560113639337303,-0.06030614538536899,True,False,1,0,0,0,26.21331955722767,0,519.0237272331078,20.970655645782138,75.0,124.0
349,6588,2022-08-29,Arizona Diamondbacks,Philadelphia Phillies,1,158.0,-179.0,0.3875968992248062,0.6415770609318996,0.4351000072968071,0.5648999927031929,0.047503108072000866,-0.07667706822870668,True,False,1,0,0,0,26.21331955722767,0,560.4407721335275,41.41704490041972,76.0,124.0
350,7792,2023-04-10,Atlanta Braves,Cincinnati Reds,1,-195.0,165.0,0.6610169491525424,0.3773584905660377,0.6059284015188054,0.3940715984811945,-0.05508854763373694,0.01671310791515679,False,True,0,1,0,0,28.022038606676375,0,532.4187335268512,0.0,76.0,125.0
351,8125,2023-05-04,Boston Red Sox,Toronto Blue Jays,1,140.0,-165.0,0.4166666666666667,0.6226415094339622,0.4407144569856234,0.5592855430143766,0.024047790318956708,-0.06335596641958563,True,False,1,0,0,0,28.022038606676375,0,571.6495875761981,39.230854049346924,77.0,125.0
352,5640,2022-06-18,Los Angeles Dodgers,Cleveland Guardians,1,-224.5,190.0,0.6918335901386748,0.3448275862068966,0.6092139775510168,0.3907860224489832,-0.08261961258765804,0.04595843624208662,False,True,0,1,0,0,28.022038606676375,0,543.6275489695217,0.0,77.0,126.0
353,1101,2020-09-13,Tampa Bay Rays,Boston Red Sox,0,-189.0,164.0,0.6539792387543253,0.3787878787878788,0.6153071266591318,0.3846928733408682,-0.0386721120951935,0.005904994552989429,False,False,0,0,0,0,0.0,0,543.6275489695217,0.0,77.0,126.0
354,2875,2021-06-19,Chicago Cubs,Miami Marlins,0,-116.0,100.0,0.5370370370370371,0.5,0.573015946539734,0.426984053460266,0.03597890950269689,-0.07301594653973398,True,False,0,1,0,0,28.022038606676375,0,515.6055103628454,0.0,77.0,127.0
355,6695,2022-09-06,Colorado Rockies,Milwaukee Brewers,1,165.0,-189.0,0.3773584905660377,0.6539792387543253,0.4319923346994189,0.5680076653005811,0.05463384413338118,-0.08597157345374418,True,False,1,0,0,0,25.780275518142272,0,558.1429649677801,42.537454604934744,78.0,127.0
356,5901,2022-07-07,San Diego Padres,San Francisco Giants,1,-135.0,118.0,0.574468085106383,0.4587155963302752,0.5500092349028287,0.4499907650971713,-0.024458850203554316,-0.008724831233103914,False,False,0,0,0,0,0.0,0,558.1429649677801,0.0,78.0,127.0
357,8830,2023-06-26,Baltimore Orioles,Cincinnati Reds,1,-135.0,116.0,0.574468085106383,0.4629629629629629,0.6039898258591478,0.3960101741408521,0.029521740752764813,-0.06695278882211081,True,False,1,0,0,0,25.780275518142272,0,577.2394653515893,19.09650038380909,79.0,127.0
358,6500,2022-08-23,Philadelphia Phillies,Cincinnati Reds,1,-219.5,185.0,0.6870109546165885,0.3508771929824561,0.6108203017064906,0.3891796982935093,-0.07619065291009786,0.03830250531105317,False,True,0,1,0,0,25.780275518142272,0,551.459189833447,0.0,79.0,128.0
359,3798,2021-08-28,Oakland Athletics,New York Yankees,1,-102.0,-114.0,0.504950495049505,0.5327102803738317,0.4567391529463517,0.5432608470536483,-0.048211342103153254,0.010550566679816575,False,True,0,1,0,0,25.780275518142272,0,525.6789143153047,0.0,79.0,129.0
360,8401,2023-05-25,Tampa Bay Rays,Toronto Blue Jays,1,-149.0,130.0,0.5983935742971888,0.4347826086956521,0.5935465171345082,0.4064534828654918,-0.004847057162680524,-0.028329125830160284,False,False,0,0,0,0,0.0,0,525.6789143153047,0.0,79.0,129.0
361,7871,2023-04-16,Miami Marlins,Arizona Diamondbacks,0,-125.0,110.0,0.5555555555555556,0.4761904761904761,0.5739391621394961,0.4260608378605038,0.01838360658394056,-0.050129638329972304,True,False,0,1,0,0,26.28394571576524,0,499.3949685995395,0.0,79.0,130.0
362,5946,2022-07-10,San Diego Padres,San Francisco Giants,0,-120.0,104.0,0.5454545454545454,0.4901960784313725,0.5475364762147129,0.4524635237852871,0.002081930760167494,-0.03773255464608538,False,False,0,0,0,0,0.0,0,499.3949685995395,0.0,79.0,130.0
363,5436,2022-06-03,Los Angeles Dodgers,New York Mets,1,-161.0,139.5,0.6168582375478927,0.4175365344467641,0.6053893860780691,0.3946106139219308,-0.011468851469823571,-0.022925920524833276,False,False,0,0,0,0,0.0,0,499.3949685995395,0.0,79.0,130.0
364,8156,2023-05-07,Atlanta Braves,Baltimore Orioles,1,-162.0,140.0,0.6183206106870229,0.4166666666666667,0.6035301075389661,0.3964698924610339,-0.014790503148056855,-0.02019677420563276,False,False,0,0,0,0,0.0,0,499.3949685995395,0.0,79.0,130.0
365,8321,2023-05-19,Houston Astros,Oakland Athletics,1,-250.0,205.0,0.7142857142857143,0.3278688524590163,0.6158561590959855,0.3841438409040145,-0.09842955518972885,0.056274988444998175,False,True,0,1,0,0,24.969748429976974,0,474.4252201695625,0.0,79.0,131.0
366,5317,2022-05-26,Arizona Diamondbacks,Los Angeles Dodgers,0,160.0,-183.5,0.3846153846153846,0.6472663139329806,0.4320247359629212,0.5679752640370788,0.0474093513475366,-0.07929104989590186,True,False,0,1,0,0,24.969748429976974,0,449.45547173958556,0.0,79.0,132.0
367,8300,2023-05-17,Boston Red Sox,Seattle Mariners,1,-125.0,110.0,0.5555555555555556,0.4761904761904761,0.5437489038950889,0.4562510961049111,-0.011806651660466683,-0.019939380085565006,False,False,0,0,0,0,0.0,0,449.45547173958556,0.0,79.0,132.0
368,8447,2023-05-28,Milwaukee Brewers,San Francisco Giants,1,111.0,-127.0,0.4739336492890995,0.5594713656387665,0.4382350157393527,0.5617649842606472,-0.03569863354974678,0.002293618621880711,False,False,0,0,0,0,0.0,0,449.45547173958556,0.0,79.0,132.0
369,4739,2022-04-15,Colorado Rockies,Chicago Cubs,1,-120.0,105.0,0.5454545454545454,0.4878048780487805,0.5746393333756057,0.4253606666243943,0.029184787921060273,-0.062444211424386165,True,False,1,0,0,0,24.969748429976974,0,470.26359543123306,20.80812369164748,80.0,132.0
370,8578,2023-06-07,Cincinnati Reds,Los Angeles Dodgers,1,143.0,-165.0,0.411522633744856,0.6226415094339622,0.4323965577999706,0.5676034422000293,0.020873924055114623,-0.0550380672339329,True,False,1,0,0,0,23.513179771561653,0,503.8874425045662,33.62384707333316,81.0,132.0
371,6572,2022-08-28,New York Mets,Colorado Rockies,0,-345.0,284.0,0.7752808988764045,0.2604166666666667,0.6154660364242236,0.3845339635757764,-0.1598148624521809,0.12411729690910972,False,True,1,0,0,0,23.513179771561653,0,570.6648730558013,66.77743055123508,82.0,132.0
372,8596,2023-06-08,Los Angeles Angels,Chicago Cubs,1,-135.0,115.5,0.574468085106383,0.4640371229698375,0.5969190847480887,0.4030809152519113,0.022450999641705716,-0.0609562077179262,True,False,1,0,0,0,23.513179771561653,0,588.0820432569581,17.41717020115678,83.0,132.0
373,6514,2022-08-24,Pittsburgh Pirates,Atlanta Braves,0,205.0,-244.0,0.3278688524590163,0.7093023255813954,0.4315152053587452,0.5684847946412548,0.1036463528997289,-0.1408175309401406,True,False,0,1,0,0,23.513179771561653,0,564.5688634853964,0.0,83.0,133.0
374,8598,2023-06-09,Detroit Tigers,Arizona Diamondbacks,0,125.0,-145.0,0.4444444444444444,0.5918367346938775,0.4340600428045886,0.5659399571954113,-0.010384401639855823,-0.025896777498466195,False,False,0,0,0,0,0.0,0,564.5688634853964,0.0,83.0,133.0
375,2006,2021-04-17,Washington Nationals,Arizona Diamondbacks,1,-110.0,-105.0,0.5238095238095238,0.5121951219512195,0.5615901068213816,0.4384098931786184,0.037780583011857716,-0.07378522877260113,True,False,1,0,0,0,28.22844317426982,0,590.2310845529144,25.66222106751802,84.0,133.0
376,696,2020-08-16,Los Angeles Angels,Los Angeles Dodgers,0,162.0,-183.5,0.3816793893129771,0.6472663139329806,0.4314907527195627,0.5685092472804372,0.049811363406585596,-0.07875706665254345,True,False,0,1,0,0,28.22844317426982,0,562.0026413786445,0.0,84.0,134.0
377,3858,2021-09-01,Toronto Blue Jays,Baltimore Orioles,1,-270.0,220.0,0.7297297297297297,0.3125,0.6153097903766049,0.384690209623395,-0.11441993935312478,0.07219020962339501,False,True,0,1,0,0,28.22844317426982,0,533.7741982043747,0.0,84.0,135.0
378,3988,2021-09-11,Chicago Cubs,San Francisco Giants,0,170.0,-200.0,0.3703703703703703,0.6666666666666666,0.4322182326192252,0.5677817673807748,0.06184786224885491,-0.09888489928589184,True,False,0,1,0,0,28.22844317426982,0,505.54575503010483,0.0,84.0,136.0
379,5813,2022-07-01,Seattle Mariners,Oakland Athletics,0,-200.0,179.0,0.6666666666666666,0.3584229390681003,0.6144386557356443,0.3855613442643558,-0.05222801093102236,0.02713840519625549,False,True,1,0,0,0,28.22844317426982,0,556.0746683120478,50.52891328194298,85.0,136.0
380,3697,2021-08-20,Houston Astros,Seattle Mariners,1,-196.0,167.5,0.6621621621621622,0.3738317757009345,0.6029992211216236,0.3970007788783763,-0.05916294104053854,0.023169003177441805,False,True,0,1,0,0,27.803733415602395,0,528.2709348964454,0.0,85.0,137.0
381,4928,2022-04-29,New York Mets,Philadelphia Phillies,1,-120.0,102.0,0.5454545454545454,0.495049504950495,0.5780721858560257,0.4219278141439743,0.0326176404014803,-0.0731216908065207,True,False,1,0,0,0,27.803733415602395,0,551.4407127427808,23.16977784633533,86.0,137.0
382,5927,2022-07-09,Atlanta Braves,Washington Nationals,1,-244.0,205.0,0.7093023255813954,0.3278688524590163,0.6154230259522784,0.3845769740477216,-0.09387929962911701,0.05670812158870531,False,True,0,1,0,0,27.803733415602395,0,523.6369793271783,0.0,86.0,138.0
383,6493,2022-08-22,Tampa Bay Rays,Los Angeles Angels,1,-208.0,180.0,0.6753246753246753,0.3571428571428571,0.6133030329020503,0.3866969670979496,-0.06202164242262498,0.0295541099550925,False,True,0,1,0,0,27.803733415602395,0,495.83324591157594,0.0,86.0,139.0
384,6414,2022-08-16,Milwaukee Brewers,Los Angeles Dodgers,1,-118.0,100.0,0.5412844036697247,0.5,0.4866955233887841,0.5133044766112159,-0.054588880280940666,0.01330447661121592,False,True,0,1,0,0,27.803733415602395,0,468.02951249597356,0.0,86.0,140.0
385,4759,2022-04-17,Pittsburgh Pirates,Washington Nationals,1,-105.0,-110.0,0.5121951219512195,0.5238095238095238,0.5837897700431096,0.4162102299568903,0.07159464809189009,-0.10759929385263356,True,False,1,0,0,0,23.401475624798678,0,490.31663213863897,22.287119642665406,87.0,140.0
386,2572,2021-05-28,Boston Red Sox,Miami Marlins,1,-161.0,138.0,0.6168582375478927,0.4201680672268907,0.6006722036177596,0.3993277963822404,-0.01618603393013307,-0.020840270844650288,False,False,0,0,0,0,0.0,0,490.31663213863897,0.0,87.0,140.0
387,8539,2023-06-04,Houston Astros,Los Angeles Angels,0,-148.0,129.0,0.5967741935483871,0.4366812227074236,0.6122899528992131,0.3877100471007869,0.015515759350825942,-0.04897117560663672,True,False,0,1,0,0,23.401475624798678,0,466.9151565138403,0.0,87.0,141.0
388,3140,2021-07-07,Seattle Mariners,New York Yankees,0,104.0,-120.0,0.4901960784313725,0.5454545454545454,0.4359219887418215,0.5640780112581785,-0.054274089689551,0.018623465803633055,False,True,1,0,0,0,23.401475624798678,0,486.41638620117254,19.501229687332234,88.0,141.0
389,1919,2021-04-11,Baltimore Orioles,Boston Red Sox,0,120.0,-139.0,0.4545454545454545,0.5815899581589958,0.4341056620601786,0.5658943379398214,-0.020439792485275887,-0.015695620219174478,False,False,0,0,0,0,0.0,0,486.41638620117254,0.0,88.0,141.0
390,6335,2022-08-11,Philadelphia Phillies,Miami Marlins,0,-169.0,145.0,0.6282527881040892,0.4081632653061224,0.6075094146517226,0.3924905853482773,-0.020743373452366654,-0.015672679957845104,False,False,0,0,0,0,0.0,0,486.41638620117254,0.0,88.0,141.0
391,3943,2021-09-07,Milwaukee Brewers,Philadelphia Phillies,1,-105.0,-110.0,0.5121951219512195,0.5238095238095238,0.4876648131658206,0.5123351868341793,-0.024530308785398913,-0.011474336975344501,False,False,0,0,0,0,0.0,0,486.41638620117254,0.0,88.0,141.0
392,1080,2020-09-11,Colorado Rockies,Los Angeles Angels,1,-127.0,111.0,0.5594713656387665,0.4739336492890995,0.56042153058932,0.43957846941068,0.0009501649505534449,-0.03435517987841946,False,False,0,0,0,0,0.0,0,486.41638620117254,0.0,88.0,141.0
393,5044,2022-05-07,Atlanta Braves,Milwaukee Brewers,1,-104.0,-114.0,0.5098039215686274,0.5327102803738317,0.4349559391316498,0.56504406086835,-0.0748479824369776,0.032333780494518294,False,True,0,1,0,0,24.320819310058628,0,462.0955668911139,0.0,88.0,142.0
394,2483,2021-05-21,Los Angeles Angels,Oakland Athletics,0,100.0,-115.0,0.5,0.5348837209302325,0.4408683857353465,0.5591316142646534,-0.05913161426465352,0.0242478933344209,False,True,1,0,0,0,24.320819310058628,0,483.24410542159967,21.148538530485762,89.0,142.0
395,8153,2023-05-06,San Diego Padres,Los Angeles Dodgers,0,-113.0,-104.0,0.5305164319248826,0.5098039215686274,0.4729518577061802,0.5270481422938198,-0.057564574218702425,0.017244220725192383,False,True,1,0,0,0,24.162205271079984,0,506.47699510533045,23.232889683730754,90.0,142.0
396,2469,2021-05-20,Toronto Blue Jays,Boston Red Sox,0,-135.0,115.0,0.574468085106383,0.4651162790697674,0.5793290008456004,0.4206709991543996,0.00486091573921732,-0.044445279915367786,False,False,0,0,0,0,0.0,0,506.47699510533045,0.0,90.0,142.0
397,1002,2020-09-06,Tampa Bay Rays,Miami Marlins,1,-233.0,200.0,0.6996996996996997,0.3333333333333333,0.6141994375909785,0.3858005624090215,-0.08550026210872119,0.05246722907568818,False,True,0,1,0,0,24.162205271079984,0,482.31478983425046,0.0,90.0,143.0
398,2007,2021-04-17,New York Yankees,Tampa Bay Rays,0,-105.0,-108.0,0.5121951219512195,0.5192307692307693,0.4938031496250747,0.5061968503749252,-0.018391972326144812,-0.01303391885584404,False,False,0,0,0,0,0.0,0,482.31478983425046,0.0,90.0,143.0
399,5554,2022-06-12,Minnesota Twins,Tampa Bay Rays,0,110.0,-125.0,0.4761904761904761,0.5555555555555556,0.4419608621263781,0.558039137873622,-0.034229614064098024,0.0024835823180664462,False,False,0,0,0,0,0.0,0,482.31478983425046,0.0,90.0,143.0
400,5880,2022-07-06,Oakland Athletics,Toronto Blue Jays,0,155.0,-179.0,0.392156862745098,0.6415770609318996,0.4336817393873673,0.5663182606126327,0.04152487664226934,-0.0752588003192669,True,False,0,1,0,0,24.115739491712525,0,458.19905034253793,0.0,90.0,144.0
401,7861,2023-04-15,Kansas City Royals,Atlanta Braves,0,123.0,-140.0,0.4484304932735426,0.5833333333333334,0.432201793158424,0.567798206841576,-0.01622870011511862,-0.015535126491757367,False,False,0,0,0,0,0.0,0,458.19905034253793,0.0,90.0,144.0
402,4016,2021-09-12,Los Angeles Dodgers,San Diego Padres,1,-182.0,159.0,0.6453900709219859,0.3861003861003861,0.6123207340557346,0.3876792659442653,-0.03306933686625124,0.0015788798438792218,False,False,0,0,0,0,0.0,0,458.19905034253793,0.0,90.0,144.0
403,8853,2023-06-28,Baltimore Orioles,Cincinnati Reds,0,-167.0,144.0,0.6254681647940075,0.4098360655737705,0.6064845696595307,0.3935154303404694,-0.018983595134476783,-0.01632063523330113,False,False,0,0,0,0,0.0,0,458.19905034253793,0.0,90.0,144.0
404,8373,2023-05-23,Tampa Bay Rays,Toronto Blue Jays,0,-130.0,112.0,0.5652173913043478,0.4716981132075472,0.6063485358532015,0.3936514641467986,0.04113114454885369,-0.0780466490607486,True,False,0,1,0,0,24.115739491712525,0,434.0833108508254,0.0,90.0,145.0
405,5676,2022-06-21,Texas Rangers,Philadelphia Phillies,1,-120.0,104.0,0.5454545454545454,0.4901960784313725,0.5283068812060625,0.4716931187939374,-0.017147664248482908,-0.01850295963743509,False,False,0,0,0,0,0.0,0,434.0833108508254,0.0,90.0,145.0
406,2088,2021-04-23,Baltimore Orioles,Oakland Athletics,0,120.0,-135.0,0.4545454545454545,0.574468085106383,0.4335829292725272,0.5664170707274728,-0.0209625252729273,-0.008051014378910204,False,False,0,0,0,0,0.0,0,434.0833108508254,0.0,90.0,145.0
407,6155,2022-07-29,Pittsburgh Pirates,Philadelphia Phillies,0,107.0,-125.0,0.4830917874396135,0.5555555555555556,0.4337959160497627,0.5662040839502372,-0.04929587138985081,0.010648528394681667,False,True,1,0,0,0,21.704165542541272,0,451.4466432848584,17.36333243403302,91.0,145.0
408,2372,2021-05-13,Colorado Rockies,Cincinnati Reds,1,125.0,-143.0,0.4444444444444444,0.588477366255144,0.4352791392872533,0.5647208607127466,-0.009165305157191106,-0.023756505542397388,False,False,0,0,0,0,0.0,0,451.4466432848584,0.0,91.0,145.0
409,7934,2023-04-21,Pittsburgh Pirates,Cincinnati Reds,1,-140.0,123.0,0.5833333333333334,0.4484304932735426,0.6128949123078066,0.3871050876921934,0.0295615789744732,-0.061325405581349246,True,False,1,0,0,0,21.704165542541272,0,466.9496186723879,15.50297538752948,92.0,145.0
410,8468,2023-05-30,Baltimore Orioles,Cleveland Guardians,1,-148.0,130.0,0.5967741935483871,0.4347826086956521,0.5947832408051031,0.4052167591948968,-0.00199095274328398,-0.029565849500755303,False,False,0,0,0,0,0.0,0,466.9496186723879,0.0,92.0,145.0
411,2462,2021-05-20,Texas Rangers,New York Yankees,0,115.0,-132.0,0.4651162790697674,0.5689655172413793,0.4343916483431408,0.5656083516568592,-0.030724630726626567,-0.00335716558452015,False,False,0,0,0,0,0.0,0,466.9496186723879,0.0,92.0,145.0
412,798,2020-08-23,Los Angeles Dodgers,Colorado Rockies,1,-227.0,195.0,0.6941896024464832,0.3389830508474576,0.6156704602851364,0.3843295397148635,-0.07851914216134681,0.04534648886740589,False,True,0,1,0,0,23.347480933619394,0,443.6021377387685,0.0,92.0,146.0
413,5559,2022-06-12,San Diego Padres,Colorado Rockies,0,-189.0,165.0,0.6539792387543253,0.3773584905660377,0.6114040077227624,0.3885959922772376,-0.04257523103156291,0.011237501711199915,False,True,1,0,0,0,23.347480933619394,0,482.1254812792405,38.523343540472,93.0,146.0
414,681,2020-08-15,Colorado Rockies,Texas Rangers,0,-167.0,146.0,0.6254681647940075,0.4065040650406504,0.598518102070769,0.4014818979292309,-0.02695006272323841,-0.0050221671114195066,False,False,0,0,0,0,0.0,0,482.1254812792405,0.0,93.0,146.0
415,4743,2022-04-16,New York Mets,Arizona Diamondbacks,0,-162.5,144.0,0.6190476190476191,0.4098360655737705,0.6148552377517544,0.3851447622482456,-0.004192381295864633,-0.024691303325524883,False,False,0,0,0,0,0.0,0,482.1254812792405,0.0,93.0,146.0
416,5502,2022-06-08,San Diego Padres,New York Mets,1,-118.0,102.0,0.5412844036697247,0.495049504950495,0.5670049697439101,0.4329950302560899,0.02572056607418538,-0.062054474694405115,True,False,1,0,0,0,24.106274063962026,0,502.55452709615747,20.42904581691697,94.0,146.0
417,4064,2021-09-16,Tampa Bay Rays,Detroit Tigers,1,-208.0,182.0,0.6753246753246753,0.3546099290780142,0.6117624283464194,0.3882375716535807,-0.06356224697825597,0.033627642575566496,False,True,0,1,0,0,24.106274063962026,0,478.44825303219545,0.0,94.0,147.0
418,1906,2021-04-10,Minnesota Twins,Seattle Mariners,0,-185.0,162.0,0.6491228070175439,0.3816793893129771,0.6148213220377979,0.385178677962202,-0.034301484979745944,0.0034992886492248854,False,False,0,0,0,0,0.0,0,478.44825303219545,0.0,94.0,147.0
419,5012,2022-05-05,Cleveland Guardians,Toronto Blue Jays,1,130.0,-149.0,0.4347826086956521,0.5983935742971888,0.4372908334939892,0.5627091665060108,0.0025082247983370665,-0.035684407791177986,False,False,0,0,0,0,0.0,0,478.44825303219545,0.0,94.0,147.0
420,8015,2023-04-26,New York Mets,Washington Nationals,0,-210.0,180.0,0.6774193548387096,0.3571428571428571,0.6150806733597686,0.3849193266402314,-0.06233868147894106,0.02777646949737428,False,True,1,0,0,0,23.922412651609775,0,521.508595805093,43.0603427728976,95.0,147.0
421,7067,2022-10-03,Seattle Mariners,Detroit Tigers,0,-250.0,205.0,0.7142857142857143,0.3278688524590163,0.6113775278877922,0.3886224721122077,-0.1029081863979221,0.06075361965319137,False,True,1,0,0,0,23.922412651609775,0,570.5495417408931,49.04094593580004,96.0,147.0
422,8752,2023-06-20,Pittsburgh Pirates,Chicago Cubs,0,110.0,-127.0,0.4761904761904761,0.5594713656387665,0.4366570758798168,0.5633429241201832,-0.03953340031065933,0.003871558481416626,False,False,0,0,0,0,0.0,0,570.5495417408931,0.0,96.0,147.0
423,6021,2022-07-16,Chicago Cubs,New York Mets,0,120.0,-141.0,0.4545454545454545,0.5850622406639004,0.4324555000375386,0.5675444999624614,-0.0220899545079159,-0.017517740701439077,False,False,0,0,0,0,0.0,0,570.5495417408931,0.0,96.0,147.0
424,4832,2022-04-22,Atlanta Braves,Miami Marlins,1,-143.0,125.0,0.588477366255144,0.4444444444444444,0.5825436587342199,0.4174563412657801,-0.0059337075209241474,-0.026988103178664347,False,False,0,0,0,0,0.0,0,570.5495417408931,0.0,96.0,147.0
425,8908,2023-07-01,Los Angeles Angels,Arizona Diamondbacks,0,-125.0,106.0,0.5555555555555556,0.4854368932038835,0.534762967620353,0.465237032379647,-0.020792587935202556,-0.020199860824236526,False,False,0,0,0,0,0.0,0,570.5495417408931,0.0,96.0,147.0
426,470,2020-08-01,Baltimore Orioles,Tampa Bay Rays,1,190.0,-217.0,0.3448275862068966,0.6845425867507886,0.4335327947928256,0.5664672052071744,0.08870520858592901,-0.11807538154361419,True,False,1,0,0,0,28.52747708704466,0,624.751748206278,54.20220646538485,97.0,147.0
427,6906,2022-09-21,Los Angeles Dodgers,Arizona Diamondbacks,0,-306.5,257.0,0.7539975399753998,0.2801120448179272,0.6155445632200662,0.3844554367799337,-0.13845297675533352,0.10434339196200654,False,True,1,0,0,0,28.52747708704466,0,698.0673643199827,73.31561611370476,98.0,147.0
428,2337,2021-05-11,Detroit Tigers,Kansas City Royals,1,118.0,-134.0,0.4587155963302752,0.5726495726495726,0.4474567313991635,0.5525432686008365,-0.011258864931111723,-0.020106304048736146,False,False,0,0,0,0,0.0,0,698.0673643199827,0.0,98.0,147.0
429,3462,2021-08-03,Milwaukee Brewers,Pittsburgh Pirates,0,-244.0,200.0,0.7093023255813954,0.3333333333333333,0.6150534433029677,0.3849465566970322,-0.09424888227842765,0.05161322336369889,False,True,1,0,0,0,28.52747708704466,0,755.122318494072,57.05495417408932,99.0,147.0
430,2963,2021-06-25,Los Angeles Dodgers,Chicago Cubs,1,-182.0,155.5,0.6453900709219859,0.3913894324853229,0.6058967971176566,0.3941032028823433,-0.03949327380432921,0.0027137703970204208,False,False,0,0,0,0,0.0,0,755.122318494072,0.0,99.0,147.0
431,5470,2022-06-06,Kansas City Royals,Toronto Blue Jays,0,148.0,-169.0,0.4032258064516129,0.6282527881040892,0.4322162819671087,0.5677837180328912,0.028990475515495828,-0.06046907007119806,True,False,0,1,0,0,37.7561159247036,0,717.3662025693684,0.0,99.0,148.0
432,2494,2021-05-22,Cincinnati Reds,Milwaukee Brewers,0,-141.0,120.0,0.5850622406639004,0.4545454545454545,0.5823902604808131,0.4176097395191869,-0.0026719801830873413,-0.03693571502626758,False,False,0,0,0,0,0.0,0,717.3662025693684,0.0,99.0,148.0
433,2857,2021-06-18,Washington Nationals,New York Mets,1,-115.0,100.0,0.5348837209302325,0.5,0.5575836962986953,0.4424163037013047,0.0226999753684628,-0.05758369629869531,True,False,1,0,0,0,37.7561159247036,0,750.1976077212846,32.83140515191617,100.0,148.0
434,2175,2021-04-29,Tampa Bay Rays,Oakland Athletics,0,-103.0,-111.0,0.5073891625615764,0.5260663507109005,0.4869782521973353,0.5130217478026646,-0.020410910364241086,-0.013044602908235836,False,False,0,0,0,0,0.0,0,750.1976077212846,0.0,100.0,148.0
435,6533,2022-08-25,New York Mets,Colorado Rockies,1,-400.0,335.0,0.8,0.2298850574712643,0.6157343052219046,0.3842656947780953,-0.1842656947780954,0.154380637306831,False,True,0,1,0,0,37.50988038606423,0,712.6877273352204,0.0,100.0,149.0
436,3553,2021-08-10,New York Mets,Washington Nationals,1,-238.0,200.0,0.7041420118343196,0.3333333333333333,0.6076758228091733,0.3923241771908267,-0.09646618902514625,0.05899084385749337,False,True,0,1,0,0,37.50988038606423,0,675.1778469491562,0.0,100.0,150.0
437,5277,2022-05-23,Seattle Mariners,Oakland Athletics,1,-164.0,145.0,0.6212121212121212,0.4081632653061224,0.6020285545873022,0.3979714454126978,-0.019183566624819015,-0.010191819893424603,False,False,0,0,0,0,0.0,0,675.1778469491562,0.0,100.0,150.0
438,4809,2022-04-20,Houston Astros,Los Angeles Angels,0,115.0,-132.0,0.4651162790697674,0.5689655172413793,0.4501602651575459,0.5498397348424541,-0.014956013912221455,-0.019125782398925262,False,False,0,0,0,0,0.0,0,675.1778469491562,0.0,100.0,150.0
439,8658,2023-06-13,Kansas City Royals,Cincinnati Reds,0,-114.5,-104.0,0.5337995337995338,0.5098039215686274,0.4646948865772412,0.5353051134227588,-0.06910464722229265,0.025501191854131355,False,True,1,0,0,0,37.50988038606423,0,711.2450396280641,36.067192678907915,101.0,150.0
440,6608,2022-08-31,Cleveland Guardians,Baltimore Orioles,0,-169.0,149.0,0.6282527881040892,0.4016064257028112,0.6025045634046966,0.3974954365953034,-0.02574822469939264,-0.00411098910750779,False,False,0,0,0,0,0.0,0,711.2450396280641,0.0,101.0,150.0
441,6868,2022-09-19,Los Angeles Angels,Seattle Mariners,0,120.0,-139.0,0.4545454545454545,0.5815899581589958,0.443326030099074,0.556673969900926,-0.011219424446380466,-0.024915988258069843,False,False,0,0,0,0,0.0,0,711.2450396280641,0.0,101.0,150.0
442,5227,2022-05-20,Cleveland Guardians,Detroit Tigers,1,102.0,-118.0,0.495049504950495,0.5412844036697247,0.4989938365637844,0.5010061634362156,0.003944331613289387,-0.04027824023350912,False,False,0,0,0,0,0.0,0,711.2450396280641,0.0,101.0,150.0
443,6067,2022-07-22,Oakland Athletics,Texas Rangers,1,-103.0,-114.5,0.5073891625615764,0.5337995337995338,0.4652010932591849,0.5347989067408151,-0.042188069302391495,0.0009993729412812735,False,False,0,0,0,0,0.0,0,711.2450396280641,0.0,101.0,150.0
444,6924,2022-09-23,Philadelphia Phillies,Atlanta Braves,1,-154.0,136.0,0.6062992125984252,0.423728813559322,0.5585735541152537,0.4414264458847463,-0.04772565848317156,0.017697632325424262,False,True,0,1,0,0,35.56225198140321,0,675.6827876466609,0.0,101.0,151.0
445,6140,2022-07-27,Boston Red Sox,Cleveland Guardians,0,-130.0,112.0,0.5652173913043478,0.4716981132075472,0.5554395611836316,0.4445604388163684,-0.009777830120716202,-0.027137674391178757,False,False,0,0,0,0,0.0,0,675.6827876466609,0.0,101.0,151.0
446,6462,2022-08-20,Chicago Cubs,Milwaukee Brewers,1,113.0,-130.0,0.4694835680751174,0.5652173913043478,0.4367391927519589,0.5632608072480411,-0.03274437532315849,-0.0019565840563067205,False,False,0,0,0,0,0.0,0,675.6827876466609,0.0,101.0,151.0
447,2742,2021-06-09,Tampa Bay Rays,Washington Nationals,0,-154.0,135.0,0.6062992125984252,0.425531914893617,0.6141360544674801,0.3858639455325199,0.007836841869054867,-0.03966796936109712,False,False,0,0,0,0,0.0,0,675.6827876466609,0.0,101.0,151.0
448,5711,2022-06-24,Tampa Bay Rays,Pittsburgh Pirates,1,-200.0,175.0,0.6666666666666666,0.3636363636363636,0.613458967278304,0.386541032721696,-0.05320769938836267,0.022904669085332396,False,True,0,1,0,0,33.784139382333045,0,641.8986482643279,0.0,101.0,152.0
449,2935,2021-06-23,Tampa Bay Rays,Boston Red Sox,1,-145.0,129.0,0.5918367346938775,0.4366812227074236,0.5897875188720734,0.4102124811279266,-0.0020492158218041734,-0.026468741579497024,False,False,0,0,0,0,0.0,0,641.8986482643279,0.0,101.0,152.0
450,2313,2021-05-09,New York Yankees,Washington Nationals,1,-164.0,140.0,0.6212121212121212,0.4166666666666667,0.6077945196888372,0.3922054803111627,-0.013417601523283973,-0.024461186355503983,False,False,0,0,0,0,0.0,0,641.8986482643279,0.0,101.0,152.0
451,8476,2023-05-30,Arizona Diamondbacks,Colorado Rockies,1,-244.0,205.0,0.7093023255813954,0.3278688524590163,0.6134277605958262,0.3865722394041738,-0.09587456498556923,0.058703386945157476,False,True,0,1,0,0,32.0949324132164,0,609.8037158511115,0.0,101.0,153.0
452,8205,2023-05-10,Los Angeles Angels,Houston Astros,0,105.0,-124.0,0.4878048780487805,0.5535714285714286,0.4349475754475108,0.5650524245524893,-0.052857302601269696,0.011480995981060671,False,True,1,0,0,0,32.0949324132164,0,635.6867258617699,25.883010010658385,102.0,153.0
453,5369,2022-05-30,Philadelphia Phillies,San Francisco Giants,0,-110.0,-108.5,0.5238095238095238,0.5203836930455635,0.4441491637700084,0.5558508362299915,-0.07966036003951543,0.03546714318442801,False,True,1,0,0,0,32.0949324132164,0,665.2673087310937,29.58058286932387,103.0,153.0
454,5709,2022-06-24,New York Yankees,Houston Astros,0,-125.0,110.0,0.5555555555555556,0.4761904761904761,0.5835769135578055,0.4164230864421945,0.02802135800224992,-0.05976738974828161,True,False,0,1,0,0,32.0949324132164,0,633.1723763178774,0.0,103.0,154.0
455,6899,2022-09-21,New York Yankees,Pittsburgh Pirates,1,-300.0,250.0,0.75,0.2857142857142857,0.6156028277092145,0.3843971722907855,-0.13439717229078552,0.09868288657649982,False,True,0,1,0,0,31.65861881589387,0,601.5137575019835,0.0,103.0,155.0
456,6376,2022-08-14,Tampa Bay Rays,Baltimore Orioles,1,-169.0,145.0,0.6282527881040892,0.4081632653061224,0.6091951752729319,0.3908048247270682,-0.019057612831157367,-0.017358440579054224,False,False,0,0,0,0,0.0,0,601.5137575019835,0.0,103.0,155.0
457,2697,2021-06-05,New York Yankees,Boston Red Sox,0,-125.0,108.0,0.5555555555555556,0.4807692307692308,0.566915383218989,0.4330846167810109,0.011359827663433464,-0.04768461398821988,True,False,0,1,0,0,31.65861881589387,0,569.8551386860896,0.0,103.0,156.0
458,8371,2023-05-23,Pittsburgh Pirates,Texas Rangers,0,140.0,-160.0,0.4166666666666667,0.6153846153846154,0.4350398667731779,0.564960133226822,0.018373200106511223,-0.05042448215779338,True,False,0,1,0,0,31.65861881589387,0,538.1965198701957,0.0,103.0,157.0
459,8610,2023-06-09,Colorado Rockies,San Diego Padres,0,163.0,-190.0,0.3802281368821292,0.6551724137931034,0.4320326572376618,0.5679673427623382,0.051804520355532624,-0.08720507103076525,True,False,0,1,0,0,31.65861881589387,0,506.53790105430187,0.0,103.0,158.0
460,5826,2022-07-02,Detroit Tigers,Kansas City Royals,1,100.0,-115.0,0.5,0.5348837209302325,0.4715204405499626,0.5284795594500373,-0.028479559450037384,-0.006404161480195181,False,False,0,0,0,0,0.0,0,506.53790105430187,0.0,103.0,158.0
461,3598,2021-08-13,Miami Marlins,Chicago Cubs,1,-124.0,108.0,0.5535714285714286,0.4807692307692308,0.6036772007471289,0.396322799252871,0.050105772175700336,-0.08444643151635978,True,False,1,0,0,0,25.326895052715095,0,526.9628164193947,20.42491536509282,104.0,158.0
462,5728,2022-06-25,Kansas City Royals,Oakland Athletics,0,-169.0,149.5,0.6282527881040892,0.4008016032064128,0.6096633539833565,0.3903366460166436,-0.018589434120732773,-0.010464957189769197,False,False,0,0,0,0,0.0,0,526.9628164193947,0.0,104.0,158.0
463,5458,2022-06-05,Cincinnati Reds,Washington Nationals,0,-179.0,155.0,0.6415770609318996,0.392156862745098,0.6020050419941344,0.3979949580058656,-0.039572018937765185,0.005838095260767617,False,False,0,0,0,0,0.0,0,526.9628164193947,0.0,104.0,158.0
464,8114,2023-05-03,Colorado Rockies,Milwaukee Brewers,1,100.0,-119.0,0.5,0.54337899543379,0.4328896029484038,0.567110397051596,-0.06711039705159622,0.02373140161780607,False,True,0,1,0,0,25.326895052715095,0,501.6359213666796,0.0,104.0,159.0
465,7027,2022-10-01,New York Yankees,Baltimore Orioles,1,-213.0,185.0,0.6805111821086262,0.3508771929824561,0.6116113194562347,0.3883886805437653,-0.06889986265239145,0.037511487561309176,False,True,0,1,0,0,25.081796068333983,0,476.55412529834564,0.0,104.0,160.0
466,1015,2020-09-07,Atlanta Braves,Miami Marlins,0,-200.0,172.5,0.6666666666666666,0.3669724770642202,0.6135036841127433,0.3864963158872567,-0.05316298255392338,0.019523838823036488,False,True,1,0,0,0,25.081796068333983,0,519.8202235162217,43.26609821787612,105.0,160.0
467,4965,2022-05-01,Oakland Athletics,Cleveland Guardians,0,108.0,-125.0,0.4807692307692308,0.5555555555555556,0.4494696054041491,0.5505303945958508,-0.031299625365081685,-0.005025160959704733,False,False,0,0,0,0,0.0,0,519.8202235162217,0.0,105.0,160.0
468,2084,2021-04-22,Houston Astros,Los Angeles Angels,1,-125.0,110.0,0.5555555555555556,0.4761904761904761,0.5304341438135205,0.4695658561864795,-0.025121411742035082,-0.006624620003996606,False,False,0,0,0,0,0.0,0,519.8202235162217,0.0,105.0,160.0
469,7927,2023-04-20,New York Yankees,Los Angeles Angels,1,-162.0,141.0,0.6183206106870229,0.4149377593360996,0.6093937009826522,0.3906062990173477,-0.008926909704370711,-0.024331460318751885,False,False,0,0,0,0,0.0,0,519.8202235162217,0.0,105.0,160.0
470,2633,2021-06-01,Baltimore Orioles,Minnesota Twins,1,150.0,-167.0,0.4,0.6254681647940075,0.4330506419801507,0.5669493580198492,0.033050641980150675,-0.058518806774158216,True,False,1,0,0,0,25.99101117581109,0,558.8067402799384,38.98651676371664,106.0,160.0
471,663,2020-08-14,Arizona Diamondbacks,San Diego Padres,1,118.0,-130.0,0.4587155963302752,0.5652173913043478,0.449102427719987,0.550897572280013,-0.009613168610288214,-0.014319819024334768,False,False,0,0,0,0,0.0,0,558.8067402799384,0.0,106.0,160.0
472,6144,2022-07-28,Pittsburgh Pirates,Philadelphia Phillies,0,165.0,-189.0,0.3773584905660377,0.6539792387543253,0.4322921805872539,0.5677078194127461,0.054933690021216175,-0.08627141934157923,True,False,0,1,0,0,25.99101117581109,0,532.8157291041273,0.0,106.0,161.0
473,1282,2020-09-25,Atlanta Braves,Boston Red Sox,1,-161.0,144.0,0.6168582375478927,0.4098360655737705,0.6141557396422725,0.3858442603577274,-0.0027024979056201603,-0.023991805216043105,False,False,0,0,0,0,0.0,0,532.8157291041273,0.0,106.0,161.0
474,8854,2023-06-28,Pittsburgh Pirates,San Diego Padres,1,140.0,-163.5,0.4166666666666667,0.6204933586337761,0.4398475057873017,0.5601524942126983,0.02318083912063501,-0.06034086442107778,True,False,1,0,0,0,25.99101117581109,0,569.2031447502628,36.38741564613552,107.0,161.0
475,1160,2020-09-17,Los Angeles Angels,Arizona Diamondbacks,1,-161.0,143.0,0.6168582375478927,0.411522633744856,0.5654757313126095,0.4345242686873904,-0.051382506235283176,0.023001634942534432,False,True,0,1,0,0,28.460157237513144,0,540.7429875127497,0.0,107.0,162.0
476,3779,2021-08-26,San Diego Padres,Los Angeles Dodgers,0,125.0,-145.0,0.4444444444444444,0.5918367346938775,0.433888964810264,0.566111035189736,-0.010555479634180409,-0.025725699504141497,False,False,0,0,0,0,0.0,0,540.7429875127497,0.0,107.0,162.0
477,2290,2021-05-07,Texas Rangers,Seattle Mariners,0,-114.5,-101.0,0.5337995337995338,0.5024875621890548,0.5197873283739037,0.4802126716260962,-0.014012205425630087,-0.02227489056295856,False,False,0,0,0,0,0.0,0,540.7429875127497,0.0,107.0,162.0
478,6587,2022-08-29,Los Angeles Angels,New York Yankees,1,155.0,-179.0,0.392156862745098,0.6415770609318996,0.4337873803447303,0.5662126196552697,0.04163051759963232,-0.07536444127662989,True,False,1,0,0,0,28.460157237513144,0,584.856231230895,44.11324371814538,108.0,162.0
479,7807,2023-04-11,Chicago Cubs,Seattle Mariners,1,-110.0,-105.0,0.5238095238095238,0.5121951219512195,0.5514200921041102,0.4485799078958897,0.027610568294586413,-0.06361521405532983,True,False,1,0,0,0,28.460157237513144,0,610.729101446816,25.87287021592104,109.0,162.0
480,4939,2022-04-30,Toronto Blue Jays,Houston Astros,1,-128.0,112.0,0.5614035087719298,0.4716981132075472,0.5695643891606541,0.4304356108393459,0.008160880388724312,-0.04126250236820128,False,False,0,0,0,0,0.0,0,610.729101446816,0.0,109.0,162.0
481,8292,2023-05-17,Colorado Rockies,Cincinnati Reds,1,-115.0,100.0,0.5348837209302325,0.5,0.5509741781294452,0.4490258218705548,0.01609045719921265,-0.05097417812944521,True,False,1,0,0,0,30.5364550723408,0,637.2825406401558,26.553439193339827,110.0,162.0
482,6245,2022-08-04,Cleveland Guardians,Houston Astros,0,164.0,-189.0,0.3787878787878788,0.6539792387543253,0.4328579480159897,0.5671420519840102,0.05407006922811092,-0.08683718677031504,True,False,0,1,0,0,30.5364550723408,0,606.746085567815,0.0,110.0,163.0
483,4073,2021-09-17,New York Mets,Philadelphia Phillies,0,127.0,-145.0,0.4405286343612334,0.5918367346938775,0.4361631918931564,0.5638368081068434,-0.004365442468077019,-0.027999926587034096,False,False,0,0,0,0,0.0,0,606.746085567815,0.0,110.0,163.0
484,6088,2022-07-24,Atlanta Braves,Los Angeles Angels,0,-204.0,175.0,0.6710526315789473,0.3636363636363636,0.6140020724575876,0.3859979275424123,-0.0570505591213597,0.02236156390604871,False,True,1,0,0,0,30.5364550723408,0,660.1848819444115,53.4387963765964,111.0,163.0
485,1902,2021-04-09,Houston Astros,Oakland Athletics,0,-172.0,150.0,0.6323529411764706,0.4,0.6158793015861291,0.3841206984138708,-0.016473639590341427,-0.015879301586129213,False,False,0,0,0,0,0.0,0,660.1848819444115,0.0,111.0,163.0
486,2924,2021-06-22,Arizona Diamondbacks,Milwaukee Brewers,0,135.0,-156.0,0.425531914893617,0.609375,0.4338870644898745,0.5661129355101255,0.008355149596257494,-0.04326206448987446,False,False,0,0,0,0,0.0,0,660.1848819444115,0.0,111.0,163.0
487,2816,2021-06-14,Los Angeles Dodgers,Philadelphia Phillies,1,-179.0,150.0,0.6415770609318996,0.4,0.6122687796568034,0.3877312203431965,-0.029308281275096215,-0.012268779656803508,False,False,0,0,0,0,0.0,0,660.1848819444115,0.0,111.0,163.0
488,4916,2022-04-28,Minnesota Twins,Detroit Tigers,1,-141.0,120.0,0.5850622406639004,0.4545454545454545,0.6104857535482069,0.389514246451793,0.025423512884306443,-0.06503120809366147,True,False,1,0,0,0,33.009244097220574,0,683.59569336088,23.410811416468494,112.0,163.0
489,5305,2022-05-25,Houston Astros,Cleveland Guardians,1,-192.0,166.0,0.6575342465753424,0.3759398496240601,0.6125221654933997,0.3874778345066004,-0.04501208108194277,0.01153798488254032,False,True,0,1,0,0,33.009244097220574,0,650.5864492636595,0.0,112.0,164.0
490,6964,2022-09-25,New York Yankees,Boston Red Sox,1,-176.5,157.0,0.6383363471971067,0.3891050583657587,0.6097505305584893,0.3902494694415107,-0.02858581663861748,0.001144411075751972,False,False,0,0,0,0,0.0,0,650.5864492636595,0.0,112.0,164.0
491,5017,2022-05-05,San Diego Padres,Miami Marlins,1,-119.0,100.0,0.54337899543379,0.5,0.5984034588220551,0.4015965411779448,0.055024463388265166,-0.0984034588220552,True,False,1,0,0,0,32.52932246318297,0,677.9220143587712,27.33556509511174,113.0,164.0
492,8569,2023-06-06,Los Angeles Angels,Chicago Cubs,1,-134.0,115.0,0.5726495726495726,0.4651162790697674,0.5880266784709514,0.4119733215290486,0.015377105821378745,-0.053142957540718794,True,False,1,0,0,0,32.52932246318297,0,702.197628137266,24.275613778494755,114.0,164.0
493,3850,2021-08-31,Seattle Mariners,Houston Astros,1,140.0,-161.0,0.4166666666666667,0.6168582375478927,0.4339617659322463,0.5660382340677537,0.017295099265579594,-0.05082000348013904,True,False,1,0,0,0,32.52932246318297,0,747.7386795857221,45.54105144845616,115.0,164.0
494,2171,2021-04-28,Arizona Diamondbacks,San Diego Padres,0,143.0,-164.0,0.411522633744856,0.6212121212121212,0.4414089065544248,0.5585910934455752,0.029886272809568792,-0.06262102776654599,True,False,0,1,0,0,32.52932246318297,0,715.2093571225391,0.0,115.0,165.0
495,3692,2021-08-20,Toronto Blue Jays,Detroit Tigers,0,-278.0,230.0,0.7354497354497355,0.303030303030303,0.6135425349667722,0.3864574650332277,-0.12190720048296322,0.08342716200292472,False,True,1,0,0,0,35.76046785612696,0,797.4584331916311,82.249076069092,116.0,165.0
496,3619,2021-08-14,Arizona Diamondbacks,San Diego Padres,1,180.0,-208.0,0.3571428571428571,0.6753246753246753,0.4321534610168093,0.5678465389831907,0.0750106038739522,-0.10747813634148462,True,False,1,0,0,0,35.76046785612696,0,861.8272753326596,64.36884214102852,117.0,165.0
497,927,2020-09-01,Philadelphia Phillies,Washington Nationals,1,-145.0,130.0,0.5918367346938775,0.4347826086956521,0.6038938835837309,0.3961061164162691,0.01205714888985332,-0.038676492279383023,True,False,1,0,0,0,35.76046785612696,0,886.4896669575747,24.662391624915145,118.0,165.0
498,563,2020-08-07,Texas Rangers,Los Angeles Angels,1,142.5,-161.0,0.4123711340206185,0.6168582375478927,0.4438726922448215,0.5561273077551785,0.03150155822420303,-0.06073092979271422,True,False,1,0,0,0,35.76046785612696,0,937.4483336525557,50.95866669498092,119.0,165.0
499,5137,2022-05-14,Atlanta Braves,San Diego Padres,1,-130.0,112.0,0.5652173913043478,0.4716981132075472,0.5227730434465885,0.4772269565534114,-0.0424443478577593,0.005528843345864232,False,False,0,0,0,0,0.0,0,937.4483336525557,0.0,119.0,165.0
500,6280,2022-08-06,Arizona Diamondbacks,Colorado Rockies,0,-173.5,150.0,0.6343692870201096,0.4,0.59994522623663,0.40005477376337,-0.03442406078347959,5.4773763369986295e-05,False,False,0,0,0,0,0.0,0,937.4483336525557,0.0,119.0,165.0
501,5767,2022-06-28,Toronto Blue Jays,Boston Red Sox,1,-135.0,118.5,0.574468085106383,0.4576659038901602,0.5811914647434089,0.418808535256591,0.00672337963702585,-0.0388573686335692,False,False,0,0,0,0,0.0,0,937.4483336525557,0.0,119.0,165.0
502,6108,2022-07-25,Milwaukee Brewers,Colorado Rockies,0,-196.0,165.0,0.6621621621621622,0.3773584905660377,0.6131813546642016,0.3868186453357983,-0.04898080749796052,0.009460154769760587,False,False,0,0,0,0,0.0,0,937.4483336525557,0.0,119.0,165.0
503,4005,2021-09-12,Pittsburgh Pirates,Washington Nationals,0,108.5,-125.0,0.4796163069544364,0.5555555555555556,0.4556631445381087,0.5443368554618913,-0.023953162416327722,-0.011218700093664324,False,False,0,0,0,0,0.0,0,937.4483336525557,0.0,119.0,165.0
504,3556,2021-08-10,Atlanta Braves,Cincinnati Reds,1,-105.0,-111.5,0.5121951219512195,0.5271867612293144,0.5361572947189541,0.4638427052810459,0.023962172767734602,-0.06334405594826853,True,False,1,0,0,0,46.87241668262779,0,982.0887304931535,44.64039684059789,120.0,165.0
505,8548,2023-06-05,Boston Red Sox,Tampa Bay Rays,0,140.0,-162.0,0.4166666666666667,0.6183206106870229,0.4326695649160632,0.5673304350839368,0.01600289824939649,-0.05099017560308616,True,False,0,1,0,0,49.10443652465768,0,932.9842939684959,0.0,120.0,166.0
506,7965,2023-04-23,Baltimore Orioles,Detroit Tigers,1,-169.0,150.0,0.6282527881040892,0.4,0.613960111371729,0.386039888628271,-0.014292676732360232,-0.013960111371729034,False,False,0,0,0,0,0.0,0,932.9842939684959,0.0,120.0,166.0
507,1316,2020-09-27,Oakland Athletics,Seattle Mariners,1,-125.0,112.0,0.5555555555555556,0.4716981132075472,0.5927677734354763,0.4072322265645237,0.037212217879920684,-0.0644658866430235,True,False,1,0,0,0,49.10443652465768,0,972.2678431882221,39.28354921972615,121.0,166.0
508,1959,2021-04-13,Houston Astros,Detroit Tigers,0,-185.0,165.0,0.6491228070175439,0.3773584905660377,0.6133407273694368,0.3866592726305632,-0.03578207964810709,0.009300782064525503,False,False,0,0,0,0,0.0,0,972.2678431882221,0.0,121.0,166.0
509,8260,2023-05-14,Los Angeles Dodgers,San Diego Padres,1,-175.0,150.0,0.6363636363636364,0.4,0.6139129153620779,0.3860870846379221,-0.022450721001558427,-0.013912915362077949,False,False,0,0,0,0,0.0,0,972.2678431882221,0.0,121.0,166.0
510,5785,2022-06-29,Seattle Mariners,Baltimore Orioles,1,-145.0,125.0,0.5918367346938775,0.4444444444444444,0.6008702225636147,0.3991297774363854,0.009033487869737122,-0.04531466700805903,False,False,0,0,0,0,0.0,0,972.2678431882221,0.0,121.0,166.0
511,8702,2023-06-16,Arizona Diamondbacks,Cleveland Guardians,1,-154.0,134.0,0.6062992125984252,0.4273504273504273,0.5779203733322971,0.4220796266677029,-0.028378839266128164,-0.005270800682724397,False,False,0,0,0,0,0.0,0,972.2678431882221,0.0,121.0,166.0
512,2725,2021-06-08,Miami Marlins,Colorado Rockies,1,-179.0,160.0,0.6415770609318996,0.3846153846153846,0.6058816100132869,0.3941183899867131,-0.0356954509186127,0.009503005371328532,False,False,0,0,0,0,0.0,0,972.2678431882221,0.0,121.0,166.0
513,7805,2023-04-11,New York Mets,San Diego Padres,0,-145.0,125.0,0.5918367346938775,0.4444444444444444,0.5970971030969006,0.4029028969030994,0.005260368403023019,-0.041541547541345036,False,False,0,0,0,0,0.0,0,972.2678431882221,0.0,121.0,166.0
514,8432,2023-05-27,Tampa Bay Rays,Los Angeles Dodgers,0,-115.0,100.0,0.5348837209302325,0.5,0.5659752709532975,0.4340247290467026,0.031091550023064962,-0.06597527095329742,True,False,0,1,0,0,48.613392159411106,0,923.654451028811,0.0,121.0,167.0
515,4086,2021-09-18,Washington Nationals,Colorado Rockies,0,-119.5,105.0,0.5444191343963554,0.4878048780487805,0.5467127062582967,0.4532872937417033,0.002293571861941346,-0.03451758430707719,False,False,0,0,0,0,0.0,0,923.654451028811,0.0,121.0,167.0
516,3748,2021-08-24,Boston Red Sox,Minnesota Twins,1,-230.0,195.0,0.696969696969697,0.3389830508474576,0.6093871812667027,0.3906128187332973,-0.08758251570299436,0.05162976788583967,False,True,0,1,0,0,46.18272255144055,0,877.4717284773704,0.0,121.0,168.0
517,7037,2022-10-01,Atlanta Braves,New York Mets,1,110.0,-125.0,0.4761904761904761,0.5555555555555556,0.4618851318537735,0.5381148681462266,-0.014305344336702608,-0.017440687409329025,False,False,0,0,0,0,0.0,0,877.4717284773704,0.0,121.0,168.0
518,2970,2021-06-26,Toronto Blue Jays,Baltimore Orioles,1,-278.0,225.0,0.7354497354497355,0.3076923076923077,0.6152762624022151,0.3847237375977849,-0.12017347304752035,0.07703142990547718,False,True,0,1,0,0,46.18272255144055,0,831.2890059259299,0.0,121.0,169.0
519,3888,2021-09-03,Los Angeles Angels,Texas Rangers,1,-208.0,177.0,0.6753246753246753,0.3610108303249097,0.6100961231714346,0.3899038768285653,-0.06522855215324075,0.028893046503655595,False,True,0,1,0,0,46.18272255144055,0,785.1062833744894,0.0,121.0,170.0
520,7901,2023-04-18,New York Yankees,Los Angeles Angels,0,-145.0,127.5,0.5918367346938775,0.4395604395604395,0.6091734154552795,0.3908265845447205,0.017336680761401935,-0.048733855015718974,True,False,0,1,0,0,39.255314168724475,0,745.850969205765,0.0,121.0,171.0
521,2817,2021-06-15,Washington Nationals,Pittsburgh Pirates,1,-167.0,145.0,0.6254681647940075,0.4081632653061224,0.6110505983463351,0.3889494016536649,-0.014417566447672336,-0.01921386365245753,False,False,0,0,0,0,0.0,0,745.850969205765,0.0,121.0,171.0
522,3003,2021-06-28,Boston Red Sox,Kansas City Royals,1,-145.0,128.0,0.5918367346938775,0.4385964912280701,0.6082010937569415,0.3917989062430584,0.016364359063063993,-0.046797584985011687,True,False,1,0,0,0,39.255314168724475,0,772.9235996669543,27.072630461189295,122.0,171.0
523,2943,2021-06-24,Detroit Tigers,Houston Astros,0,181.0,-213.0,0.3558718861209964,0.6805111821086262,0.4317782600006562,0.5682217399993438,0.07590637387965982,-0.11228944210928238,True,False,0,1,0,0,39.255314168724475,0,733.6682854982298,0.0,122.0,172.0
524,5837,2022-07-03,New York Mets,Texas Rangers,1,-145.0,128.0,0.5918367346938775,0.4385964912280701,0.5976962785944694,0.4023037214055306,0.005859543900591846,-0.036292769822539483,False,False,0,0,0,0,0.0,0,733.6682854982298,0.0,122.0,172.0
525,6790,2022-09-13,Minnesota Twins,Kansas City Royals,1,-179.0,155.0,0.6415770609318996,0.392156862745098,0.6054512397493959,0.3945487602506041,-0.03612582118250374,0.002391897505506113,False,False,0,0,0,0,0.0,0,733.6682854982298,0.0,122.0,172.0
526,1954,2021-04-13,Toronto Blue Jays,New York Yankees,1,-118.0,102.0,0.5412844036697247,0.495049504950495,0.5135382013526495,0.4864617986473505,-0.027746202317075253,-0.008587706303144482,False,False,0,0,0,0,0.0,0,733.6682854982298,0.0,122.0,172.0
527,785,2020-08-22,Los Angeles Dodgers,Colorado Rockies,1,-233.0,200.0,0.6996996996996997,0.3333333333333333,0.6157348294285743,0.3842651705714258,-0.08396487027112542,0.05093183723809247,False,True,0,1,0,0,36.68341427491149,0,696.9848712233184,0.0,122.0,173.0
528,8557,2023-06-06,Philadelphia Phillies,Detroit Tigers,1,-210.0,176.0,0.6774193548387096,0.3623188405797101,0.6111110217786464,0.3888889782213536,-0.06630833306006323,0.02657013764164351,False,True,0,1,0,0,36.68341427491149,0,660.3014569484069,0.0,122.0,174.0
529,6203,2022-08-01,Houston Astros,Boston Red Sox,0,-189.0,165.0,0.6539792387543253,0.3773584905660377,0.6112738242014835,0.3887261757985166,-0.042705414552841825,0.011367685232478886,False,True,1,0,0,0,36.68341427491149,0,720.8290905020109,60.527633553603955,123.0,174.0
530,8820,2023-06-25,Toronto Blue Jays,Oakland Athletics,1,-290.0,240.0,0.7435897435897436,0.2941176470588235,0.6157742606236768,0.3842257393763232,-0.12781548296606682,0.09010809231749972,False,True,0,1,0,0,36.04145452510055,0,684.7876359769103,0.0,123.0,175.0
531,6202,2022-08-01,Texas Rangers,Baltimore Orioles,0,-161.0,140.0,0.6168582375478927,0.4166666666666667,0.5903776078180776,0.4096223921819224,-0.02648062972981513,-0.007044274484744262,False,False,0,0,0,0,0.0,0,684.7876359769103,0.0,123.0,175.0
532,6538,2022-08-26,Washington Nationals,Cincinnati Reds,0,-135.0,117.0,0.574468085106383,0.4608294930875576,0.5732626772726002,0.4267373227273998,-0.0012054078337828678,-0.034092170360157825,False,False,0,0,0,0,0.0,0,684.7876359769103,0.0,123.0,175.0
533,6089,2022-07-24,Pittsburgh Pirates,Miami Marlins,0,155.0,-179.0,0.392156862745098,0.6415770609318996,0.4365452065858439,0.563454793414156,0.044388343840745914,-0.07812226751774354,True,False,0,1,0,0,36.04145452510055,0,648.7461814518098,0.0,123.0,176.0
534,5328,2022-05-27,San Diego Padres,Pittsburgh Pirates,1,-200.0,170.0,0.6666666666666666,0.3703703703703703,0.6124065083276287,0.3875934916723714,-0.05426015833903797,0.0172231213020011,False,True,0,1,0,0,36.04145452510055,0,612.7047269267092,0.0,123.0,177.0
535,5437,2022-06-04,New York Yankees,Detroit Tigers,1,-303.0,250.0,0.7518610421836228,0.2857142857142857,0.6156708175789167,0.3843291824210833,-0.1361902246047061,0.09861489670679763,False,True,0,1,0,0,30.63523634633546,0,582.0694905803738,0.0,123.0,178.0
536,2983,2021-06-27,Detroit Tigers,Houston Astros,1,170.0,-200.0,0.3703703703703703,0.6666666666666666,0.431966963472915,0.5680330365270849,0.06159659310254473,-0.09863363013958171,True,False,1,0,0,0,30.63523634633546,0,634.149392369144,52.07990178877028,124.0,178.0
537,2291,2021-05-07,Houston Astros,Toronto Blue Jays,1,-139.0,120.0,0.5815899581589958,0.4545454545454545,0.5595575106188457,0.4404424893811542,-0.022032447540150102,-0.014102965164300263,False,False,0,0,0,0,0.0,0,634.149392369144,0.0,124.0,178.0
538,7942,2023-04-21,Milwaukee Brewers,Boston Red Sox,0,-178.0,155.0,0.6402877697841727,0.392156862745098,0.6115816543592718,0.3884183456407282,-0.02870611542490087,-0.0037385171043697873,False,False,0,0,0,0,0.0,0,634.149392369144,0.0,124.0,178.0
539,5293,2022-05-24,San Diego Padres,Milwaukee Brewers,0,117.0,-135.0,0.4608294930875576,0.574468085106383,0.4442830542363027,0.5557169457636972,-0.016546438851254897,-0.018751139342685796,False,False,0,0,0,0,0.0,0,634.149392369144,0.0,124.0,178.0
540,8786,2023-06-23,Tampa Bay Rays,Kansas City Royals,1,-275.0,226.0,0.7333333333333333,0.3067484662576687,0.6156161499778664,0.3843838500221336,-0.11771718335546688,0.07763538376446488,False,True,0,1,0,0,31.707469618457203,0,602.4419227506868,0.0,124.0,179.0
541,8762,2023-06-20,Los Angeles Angels,Los Angeles Dodgers,0,123.0,-141.0,0.4484304932735426,0.5850622406639004,0.4412668604238826,0.5587331395761174,-0.00716363284966004,-0.02632910108778308,False,False,0,0,0,0,0.0,0,602.4419227506868,0.0,124.0,179.0
542,8427,2023-05-27,Minnesota Twins,Toronto Blue Jays,1,-111.5,-104.5,0.5271867612293144,0.511002444987775,0.5087384183919351,0.4912615816080649,-0.018448342837379283,-0.01974086337971015,False,False,0,0,0,0,0.0,0,602.4419227506868,0.0,124.0,179.0
543,5873,2022-07-05,Milwaukee Brewers,Chicago Cubs,0,-141.0,120.0,0.5850622406639004,0.4545454545454545,0.6109580283821252,0.3890419716178747,0.02589578771822476,-0.06550348292757979,True,False,0,1,0,0,31.707469618457203,0,570.7344531322295,0.0,124.0,180.0
544,5484,2022-06-07,Kansas City Royals,Toronto Blue Jays,0,185.0,-213.0,0.3508771929824561,0.6805111821086262,0.4315867845427052,0.5684132154572947,0.0807095915602491,-0.11209796665133143,True,False,0,1,0,0,31.707469618457203,0,539.0269835137723,0.0,124.0,181.0
545,2850,2021-06-17,New York Mets,Chicago Cubs,0,-132.0,119.5,0.5689655172413793,0.4555808656036446,0.579631638222502,0.420368361777498,0.010666120981122629,-0.0352125038261466,True,False,0,1,0,0,26.951349175688616,0,512.0756343380837,0.0,124.0,182.0
546,6352,2022-08-12,Houston Astros,Oakland Athletics,1,-345.0,280.0,0.7752808988764045,0.2631578947368421,0.6157177352525094,0.3842822647474906,-0.1595631636238951,0.12112437001064852,False,True,0,1,0,0,26.951349175688616,0,485.12428516239504,0.0,124.0,183.0
547,3436,2021-08-01,Atlanta Braves,Milwaukee Brewers,0,-147.0,130.0,0.5951417004048583,0.4347826086956521,0.5933476597843959,0.4066523402156041,-0.0017940406204624004,-0.028130268480048015,False,False,0,0,0,0,0.0,0,485.12428516239504,0.0,124.0,183.0
548,953,2020-09-03,Pittsburgh Pirates,Chicago Cubs,1,140.0,-154.0,0.4166666666666667,0.6062992125984252,0.4317499817016506,0.5682500182983494,0.01508331503498389,-0.038049194300075806,True,False,1,0,0,0,26.951349175688616,0,522.8561740083591,37.73188884596406,125.0,183.0
549,6205,2022-08-01,San Diego Padres,Colorado Rockies,1,-208.0,180.0,0.6753246753246753,0.3571428571428571,0.6117851613850169,0.3882148386149831,-0.0635395139396584,0.03107198147212603,False,True,0,1,0,0,26.951349175688616,0,495.90482483267044,0.0,125.0,184.0
550,3792,2021-08-27,Minnesota Twins,Milwaukee Brewers,1,118.0,-135.0,0.4587155963302752,0.574468085106383,0.4356697825563489,0.5643302174436511,-0.023045813773926282,-0.010137867662731948,False,False,0,0,0,0,0.0,0,495.90482483267044,0.0,125.0,184.0
551,6869,2022-09-19,Tampa Bay Rays,Houston Astros,0,-118.0,102.5,0.5412844036697247,0.4938271604938271,0.5324514179085664,0.4675485820914335,-0.008832985761158318,-0.02627857840239356,False,False,0,0,0,0,0.0,0,495.90482483267044,0.0,125.0,184.0
552,1096,2020-09-12,Arizona Diamondbacks,Seattle Mariners,0,-158.5,140.0,0.6131528046421664,0.4166666666666667,0.6017313359191121,0.3982686640808878,-0.011421468723054273,-0.018398002585778894,False,False,0,0,0,0,0.0,0,495.90482483267044,0.0,125.0,184.0
553,6683,2022-09-05,Kansas City Royals,Cleveland Guardians,0,112.5,-130.0,0.4705882352941176,0.5652173913043478,0.4428958976552213,0.5571041023447787,-0.02769233763889628,-0.008113288959569087,False,False,0,0,0,0,0.0,0,495.90482483267044,0.0,125.0,184.0
554,6729,2022-09-09,Baltimore Orioles,Boston Red Sox,1,-135.0,120.0,0.574468085106383,0.4545454545454545,0.577823790067004,0.422176209932996,0.0033557049606209866,-0.03236924461245849,False,False,0,0,0,0,0.0,0,495.90482483267044,0.0,125.0,184.0
555,1149,2020-09-16,New York Yankees,Toronto Blue Jays,1,-270.0,230.0,0.7297297297297297,0.303030303030303,0.6152804984824957,0.3847195015175043,-0.11444923124723405,0.0816891984872013,False,True,0,1,0,0,24.795241241633523,0,471.10958359103694,0.0,125.0,185.0
556,713,2020-08-18,Houston Astros,Colorado Rockies,1,-208.0,185.0,0.6753246753246753,0.3508771929824561,0.6125580548051537,0.3874419451948462,-0.06276662051952164,0.036564752212390084,False,True,0,1,0,0,24.795241241633523,0,446.31434234940343,0.0,125.0,186.0
557,3319,2021-07-24,Boston Red Sox,New York Yankees,0,-167.0,148.0,0.6254681647940075,0.4032258064516129,0.5954002995826235,0.4045997004173765,-0.030067865211383937,0.0013738939657635951,False,False,0,0,0,0,0.0,0,446.31434234940343,0.0,125.0,186.0
558,6460,2022-08-20,New York Yankees,Toronto Blue Jays,0,-179.0,155.0,0.6415770609318996,0.392156862745098,0.576571411679988,0.4234285883200119,-0.06500564925191155,0.03127172557491392,False,True,1,0,0,0,24.795241241633523,0,484.7469662739354,38.43262392453196,126.0,186.0
559,7948,2023-04-22,New York Yankees,Toronto Blue Jays,1,-169.0,150.0,0.6282527881040892,0.4,0.5989476420306321,0.4010523579693678,-0.029305146073457133,0.0010523579693677565,False,False,0,0,0,0,0.0,0,484.7469662739354,0.0,126.0,186.0
560,8490,2023-05-31,Boston Red Sox,Cincinnati Reds,0,-175.0,155.0,0.6363636363636364,0.392156862745098,0.5890943995926816,0.4109056004073184,-0.04726923677095474,0.018748737662220405,False,True,1,0,0,0,24.23734831369677,0,522.3148561601654,37.56788988623,127.0,186.0
561,2262,2021-05-05,Washington Nationals,Atlanta Braves,0,115.0,-130.0,0.4651162790697674,0.5652173913043478,0.4412271210945641,0.5587728789054359,-0.0238891579752033,-0.006444512398911861,False,False,0,0,0,0,0.0,0,522.3148561601654,0.0,127.0,186.0
562,4122,2021-09-20,Oakland Athletics,Seattle Mariners,0,-159.0,140.0,0.6138996138996139,0.4166666666666667,0.6004177540294147,0.3995822459705853,-0.013481859870199231,-0.017084420696081404,False,False,0,0,0,0,0.0,0,522.3148561601654,0.0,127.0,186.0
563,594,2020-08-09,Milwaukee Brewers,Cincinnati Reds,1,-118.0,108.0,0.5412844036697247,0.4807692307692308,0.5268278125217447,0.4731721874782552,-0.014456591147980036,-0.0075970432909756025,False,False,0,0,0,0,0.0,0,522.3148561601654,0.0,127.0,186.0
564,3835,2021-08-30,Seattle Mariners,Houston Astros,0,135.0,-157.5,0.425531914893617,0.6116504854368932,0.4373935024814277,0.5626064975185723,0.011861587587810696,-0.049043987918320875,True,False,0,1,0,0,24.23734831369677,0,498.0775078464686,0.0,127.0,187.0
565,3997,2021-09-11,Minnesota Twins,Kansas City Royals,1,-135.0,117.0,0.574468085106383,0.4608294930875576,0.5777523725763899,0.4222476274236101,0.0032842874700068636,-0.0385818656639475,False,False,0,0,0,0,0.0,0,498.0775078464686,0.0,127.0,187.0
566,3010,2021-06-29,Philadelphia Phillies,Miami Marlins,1,100.0,-115.0,0.5,0.5348837209302325,0.452644290931239,0.5473557090687611,-0.04735570906876102,0.012471988138528567,False,True,0,1,0,0,24.90387539232343,0,473.1736324541452,0.0,127.0,188.0
567,2169,2021-04-28,Texas Rangers,Los Angeles Angels,0,113.0,-130.0,0.4694835680751174,0.5652173913043478,0.4419078593520252,0.5580921406479747,-0.027575708723092174,-0.007125250656373039,False,False,0,0,0,0,0.0,0,473.1736324541452,0.0,127.0,188.0
568,3135,2021-07-07,Chicago Cubs,Philadelphia Phillies,1,125.0,-144.0,0.4444444444444444,0.5901639344262295,0.4378030746568333,0.5621969253431667,-0.0066413697876110955,-0.02796700908306282,False,False,0,0,0,0,0.0,0,473.1736324541452,0.0,127.0,188.0
569,1074,2020-09-11,Kansas City Royals,Pittsburgh Pirates,1,-120.0,105.0,0.5454545454545454,0.4878048780487805,0.5989900850995348,0.4010099149004652,0.05353553964498936,-0.08679496314831525,True,False,1,0,0,0,24.90387539232343,0,493.9268619477481,20.75322949360286,128.0,188.0
570,7028,2022-10-01,Chicago Cubs,Cincinnati Reds,1,-135.0,118.0,0.574468085106383,0.4587155963302752,0.5967674693536489,0.403232530646351,0.022299384247265852,-0.05548306568392419,True,False,1,0,0,0,24.696343097387405,0,512.2204494272943,18.293587479546225,129.0,188.0
571,985,2020-09-05,Tampa Bay Rays,Miami Marlins,0,-247.0,215.0,0.7118155619596542,0.3174603174603174,0.6150926795722311,0.3849073204277689,-0.0967228823874231,0.06744700296745149,False,True,1,0,0,0,24.696343097387405,0,565.3175870866772,53.097137659382916,130.0,188.0
572,2060,2021-04-20,Los Angeles Angels,Texas Rangers,1,-208.0,188.0,0.6753246753246753,0.3472222222222222,0.609474129067404,0.390525870932596,-0.06585054625727138,0.04330364871037379,False,True,0,1,0,0,24.696343097387405,0,540.6212439892898,0.0,130.0,189.0
573,1217,2020-09-20,Los Angeles Angels,Texas Rangers,0,-141.0,125.0,0.5850622406639004,0.4444444444444444,0.6033998344870235,0.3966001655129765,0.018337593823123055,-0.04784427893146792,True,False,0,1,0,0,24.696343097387405,0,515.9249008919024,0.0,130.0,190.0
574,2645,2021-06-01,Seattle Mariners,Oakland Athletics,0,140.0,-161.0,0.4166666666666667,0.6168582375478927,0.4396672496898078,0.5603327503101921,0.02300058302314112,-0.05652548723770057,True,False,0,1,0,0,24.696343097387405,0,491.22855779451504,0.0,130.0,191.0
575,8653,2023-06-13,New York Mets,New York Yankees,0,-150.0,130.0,0.6,0.4347826086956521,0.5545732994791968,0.4454267005208032,-0.04542670052080322,0.01064409182515108,False,True,1,0,0,0,24.561427889725753,0,523.1584140511585,31.92985625664348,131.0,191.0
576,7017,2022-09-30,Milwaukee Brewers,Miami Marlins,1,-172.0,148.0,0.6323529411764706,0.4032258064516129,0.606819810731061,0.393180189268939,-0.025533130445409613,-0.010045617182673883,False,False,0,0,0,0,0.0,0,523.1584140511585,0.0,131.0,191.0
577,7976,2023-04-23,Arizona Diamondbacks,San Diego Padres,0,125.0,-143.0,0.4444444444444444,0.588477366255144,0.4448580754307674,0.5551419245692326,0.0004136309863229659,-0.033335441685911404,False,False,0,0,0,0,0.0,0,523.1584140511585,0.0,131.0,191.0
578,2408,2021-05-16,Toronto Blue Jays,Philadelphia Phillies,1,-167.0,147.5,0.6254681647940075,0.404040404040404,0.6013276052940884,0.3986723947059116,-0.024140559499919112,-0.005368009334492385,False,False,0,0,0,0,0.0,0,523.1584140511585,0.0,131.0,191.0
579,6120,2022-07-26,New York Mets,New York Yankees,1,-105.0,-110.0,0.5121951219512195,0.5238095238095238,0.4496355176573651,0.5503644823426349,-0.06255960429385443,0.026554958533111073,False,True,0,1,0,0,24.561427889725753,0,498.59698616143277,0.0,131.0,192.0
580,6900,2022-09-21,Texas Rangers,Los Angeles Angels,1,-143.0,125.0,0.588477366255144,0.4444444444444444,0.556237837732356,0.4437621622676439,-0.032239528522788,-0.0006822821768004972,False,False,0,0,0,0,0.0,0,498.59698616143277,0.0,131.0,192.0
581,2845,2021-06-16,Seattle Mariners,Minnesota Twins,0,108.0,-123.0,0.4807692307692308,0.5515695067264574,0.5007812310405385,0.4992187689594615,0.02001200027130773,-0.05235073776699595,True,False,0,1,0,0,24.92984930807164,0,473.6671368533611,0.0,131.0,193.0
582,2416,2021-05-16,Colorado Rockies,Cincinnati Reds,0,100.0,-112.0,0.5,0.5283018867924528,0.4484089437061404,0.5515910562938595,-0.05159105629385963,0.023289169501406692,False,True,1,0,0,0,24.92984930807164,0,495.9259308784251,22.258794025063963,132.0,193.0
583,5929,2022-07-09,Milwaukee Brewers,Pittsburgh Pirates,0,-250.0,210.0,0.7142857142857143,0.3225806451612903,0.6149067512466986,0.3850932487533015,-0.09937896303901572,0.06251260359201116,False,True,1,0,0,0,24.92984930807164,0,548.2786144253755,52.352683546950445,133.0,193.0
584,8518,2023-06-03,Boston Red Sox,Tampa Bay Rays,0,-114.0,-103.0,0.5327102803738317,0.5073891625615764,0.4711085469326525,0.5288914530673475,-0.061601733441179196,0.021502290505771127,False,True,1,0,0,0,24.92984930807164,0,572.4823516176781,24.20373719230256,134.0,193.0
585,8506,2023-06-02,New York Mets,Toronto Blue Jays,0,-136.5,116.0,0.5771670190274841,0.4629629629629629,0.574554372968906,0.4254456270310939,-0.0026126460585781386,-0.03751733593186901,False,False,0,0,0,0,0.0,0,572.4823516176781,0.0,134.0,193.0
586,8310,2023-05-18,Toronto Blue Jays,New York Yankees,0,-130.0,115.0,0.5652173913043478,0.4651162790697674,0.5646252743388043,0.4353747256611958,-0.0005921169655435099,-0.029741553408571597,False,False,0,0,0,0,0.0,0,572.4823516176781,0.0,134.0,193.0
587,5095,2022-05-10,Arizona Diamondbacks,Miami Marlins,1,123.0,-141.0,0.4484304932735426,0.5850622406639004,0.4493203882939138,0.5506796117060861,0.0008898950203711786,-0.0343826289578143,False,False,0,0,0,0,0.0,0,572.4823516176781,0.0,134.0,193.0
588,1142,2020-09-16,Colorado Rockies,Oakland Athletics,0,-125.0,108.0,0.5555555555555556,0.4807692307692308,0.4833764661183959,0.5166235338816041,-0.07217908943715967,0.03585430311237331,False,True,1,0,0,0,28.624117580883905,0,603.3963986050327,30.91404698735462,135.0,193.0
589,1168,2020-09-17,Houston Astros,Texas Rangers,1,-244.0,210.0,0.7093023255813954,0.3225806451612903,0.6146760472001498,0.3853239527998501,-0.0946262783812456,0.06274330763855979,False,True,0,1,0,0,28.624117580883905,0,574.7722810241488,0.0,135.0,194.0
590,4019,2021-09-13,New York Yankees,Minnesota Twins,1,-196.0,170.0,0.6621621621621622,0.3703703703703703,0.6045940299919141,0.3954059700080859,-0.05756813217024803,0.025035599637715622,False,True,0,1,0,0,28.738614051207442,0,546.0336669729413,0.0,135.0,195.0
591,8474,2023-05-30,Houston Astros,Minnesota Twins,1,109.0,-125.0,0.4784688995215311,0.5555555555555556,0.4725119135877264,0.5274880864122737,-0.005956985933804726,-0.028067469143281842,False,False,0,0,0,0,0.0,0,546.0336669729413,0.0,135.0,195.0
592,5292,2022-05-24,Seattle Mariners,Oakland Athletics,0,-154.0,134.0,0.6062992125984252,0.4273504273504273,0.6055222316855291,0.3944777683144709,-0.0007769809128961302,-0.032872659035956375,False,False,0,0,0,0,0.0,0,546.0336669729413,0.0,135.0,195.0
593,5472,2022-06-06,San Diego Padres,New York Mets,0,-108.0,-110.0,0.5192307692307693,0.5238095238095238,0.4788528776465603,0.5211471223534396,-0.04037789158420896,-0.002662401456084207,False,False,0,0,0,0,0.0,0,546.0336669729413,0.0,135.0,195.0
594,5242,2022-05-21,Boston Red Sox,Seattle Mariners,1,-161.0,140.0,0.6168582375478927,0.4166666666666667,0.6034676844122541,0.3965323155877459,-0.013390553135638639,-0.02013435107892081,False,False,0,0,0,0,0.0,0,546.0336669729413,0.0,135.0,195.0
595,1146,2020-09-16,Cincinnati Reds,Pittsburgh Pirates,1,-233.0,197.0,0.6996996996996997,0.3367003367003367,0.6145000282221,0.3854999717778999,-0.08519967147759966,0.048799635077563186,False,True,0,1,0,0,27.301683348647067,0,518.7319836242942,0.0,135.0,196.0
596,4726,2022-04-14,Colorado Rockies,Chicago Cubs,0,-125.0,108.0,0.5555555555555556,0.4807692307692308,0.6083839185765374,0.3916160814234626,0.05282836302098182,-0.08915314934576818,True,False,0,1,0,0,27.301683348647067,0,491.43030027564714,0.0,135.0,197.0
597,6307,2022-08-09,Philadelphia Phillies,Miami Marlins,1,-238.0,196.5,0.7041420118343196,0.3372681281618887,0.6126694082135526,0.3873305917864473,-0.09147260362076692,0.05006246362455857,False,True,0,1,0,0,27.301683348647067,0,464.12861692700005,0.0,135.0,198.0
598,2272,2021-05-06,New York Yankees,Houston Astros,0,-200.0,170.0,0.6666666666666666,0.3703703703703703,0.6088923594411555,0.3911076405588445,-0.057774307225511135,0.02073727018847421,False,True,1,0,0,0,27.301683348647067,0,510.54147861970006,46.41286169270001,136.0,198.0
599,5751,2022-06-26,San Diego Padres,Philadelphia Phillies,0,-159.0,135.0,0.6138996138996139,0.425531914893617,0.5833647363610165,0.4166352636389835,-0.030534877538597405,-0.008896651254633514,False,False,0,0,0,0,0.0,0,510.54147861970006,0.0,136.0,198.0
600,4090,2021-09-18,Houston Astros,Arizona Diamondbacks,0,-278.0,220.0,0.7354497354497355,0.3125,0.6154554173414898,0.3845445826585102,-0.11999431810824568,0.07204458265851021,False,True,1,0,0,0,25.527073930985004,0,566.701041267867,56.15956264816701,137.0,198.0
601,892,2020-08-29,Milwaukee Brewers,Pittsburgh Pirates,1,-169.0,152.0,0.6282527881040892,0.3968253968253968,0.6123162390166972,0.3876837609833028,-0.01593654908739206,-0.009141635842093987,False,False,0,0,0,0,0.0,0,566.701041267867,0.0,137.0,198.0
602,5699,2022-06-23,Atlanta Braves,San Francisco Giants,1,-167.0,148.0,0.6254681647940075,0.4032258064516129,0.5831664406347532,0.4168335593652467,-0.04230172415925426,0.013607752913633808,False,True,0,1,0,0,25.527073930985004,0,541.173967336882,0.0,137.0,199.0
603,6059,2022-07-22,Baltimore Orioles,New York Yankees,0,135.0,-156.0,0.425531914893617,0.609375,0.4329948581734663,0.5670051418265337,0.0074629432798492545,-0.04236985817346628,False,False,0,0,0,0,0.0,0,541.173967336882,0.0,137.0,199.0
604,4906,2022-04-27,Minnesota Twins,Detroit Tigers,1,-180.5,156.0,0.64349376114082,0.390625,0.6098268960519126,0.3901731039480873,-0.03366686508890737,-0.00045189605191270354,False,False,0,0,0,0,0.0,0,541.173967336882,0.0,137.0,199.0
605,2696,2021-06-05,Atlanta Braves,Los Angeles Dodgers,1,123.0,-141.0,0.4484304932735426,0.5850622406639004,0.4328696720429728,0.5671303279570272,-0.015560821230569843,-0.01793191270687322,False,False,0,0,0,0,0.0,0,541.173967336882,0.0,137.0,199.0
606,3022,2021-06-29,Los Angeles Dodgers,San Francisco Giants,1,-147.0,126.5,0.5951417004048583,0.4415011037527593,0.6100778258374959,0.3899221741625041,0.01493612543263767,-0.05157892959025523,True,False,1,0,0,0,27.0586983668441,0,559.5812451374562,18.407277800574217,138.0,199.0
607,3884,2021-09-03,Miami Marlins,Philadelphia Phillies,1,127.0,-143.0,0.4405286343612334,0.588477366255144,0.4356599593760198,0.5643400406239801,-0.004868674985213595,-0.024137325631163886,False,False,0,0,0,0,0.0,0,559.5812451374562,0.0,138.0,199.0
608,6836,2022-09-17,Cleveland Guardians,Minnesota Twins,1,-179.0,155.0,0.6415770609318996,0.392156862745098,0.5970505227074332,0.4029494772925668,-0.044526538224466394,0.010792614547468826,False,True,0,1,0,0,27.0586983668441,0,532.5225467706122,0.0,138.0,200.0
609,583,2020-08-08,Seattle Mariners,Colorado Rockies,0,-120.0,108.0,0.5454545454545454,0.4807692307692308,0.4584575283802464,0.5415424716197534,-0.08699701707429902,0.06077324085052266,False,True,1,0,0,0,27.0586983668441,0,561.7459410068038,29.22339423619163,139.0,200.0
610,7771,2023-04-09,Detroit Tigers,Boston Red Sox,0,103.5,-118.0,0.4914004914004914,0.5412844036697247,0.4333519135317889,0.5666480864682111,-0.05804857786870249,0.02536368279848633,False,True,1,0,0,0,28.087297050340194,0,585.5487351172616,23.80279411045779,140.0,200.0
611,1997,2021-04-16,Texas Rangers,Baltimore Orioles,0,-125.0,108.0,0.5555555555555556,0.4807692307692308,0.6079369514690511,0.3920630485309488,0.052381395913495554,-0.08870618223828197,True,False,0,1,0,0,28.087297050340194,0,557.4614380669213,0.0,140.0,201.0
612,1202,2020-09-19,Los Angeles Angels,Texas Rangers,1,-161.0,142.5,0.6168582375478927,0.4123711340206185,0.6039400880381816,0.3960599119618185,-0.012918149509711152,-0.01631122205879998,False,False,0,0,0,0,0.0,0,557.4614380669213,0.0,140.0,201.0
613,5752,2022-06-26,Atlanta Braves,Los Angeles Dodgers,0,100.0,-118.0,0.5,0.5412844036697247,0.4377833154089575,0.5622166845910425,-0.062216684591042515,0.020932280921317714,False,True,1,0,0,0,28.087297050340194,0,581.2642321773791,23.80279411045779,141.0,201.0
614,7036,2022-10-01,Houston Astros,Tampa Bay Rays,1,-159.0,138.0,0.6138996138996139,0.4201680672268907,0.5895431355400835,0.4104568644599164,-0.024356478359530365,-0.009711202766974292,False,False,0,0,0,0,0.0,0,581.2642321773791,0.0,141.0,201.0
615,955,2020-09-03,Philadelphia Phillies,Washington Nationals,1,-161.0,144.0,0.6168582375478927,0.4098360655737705,0.6097411168425504,0.3902588831574496,-0.007117120705342317,-0.019577182416320893,False,False,0,0,0,0,0.0,0,581.2642321773791,0.0,141.0,201.0
616,3381,2021-07-28,Tampa Bay Rays,New York Yankees,0,-127.5,110.0,0.5604395604395604,0.4761904761904761,0.5869256843343345,0.4130743156656655,0.026486123894774005,-0.06311616052481062,True,False,0,1,0,0,29.063211608868954,0,552.2010205685101,0.0,141.0,202.0
617,8097,2023-05-02,Oakland Athletics,Seattle Mariners,0,123.0,-140.0,0.4484304932735426,0.5833333333333334,0.4319637279434332,0.5680362720565667,-0.016466765330109434,-0.015297061276766666,False,False,0,0,0,0,0.0,0,552.2010205685101,0.0,141.0,202.0
618,5688,2022-06-22,Miami Marlins,Colorado Rockies,1,-200.0,175.0,0.6666666666666666,0.3636363636363636,0.6048799037019754,0.3951200962980245,-0.06178676296469121,0.031483732661660935,False,True,0,1,0,0,29.063211608868954,0,523.1378089596411,0.0,141.0,203.0
619,4815,2022-04-20,Kansas City Royals,Minnesota Twins,1,110.0,-125.0,0.4761904761904761,0.5555555555555556,0.4618453563799394,0.5381546436200606,-0.01434511981053671,-0.017400911935494978,False,False,0,0,0,0,0.0,0,523.1378089596411,0.0,141.0,203.0
620,6425,2022-08-17,Cleveland Guardians,Detroit Tigers,1,-213.0,183.0,0.6805111821086262,0.3533568904593639,0.6098565582897237,0.3901434417102762,-0.07065462381890242,0.03678655125091229,False,True,0,1,0,0,26.156890447982057,0,496.98091851165907,0.0,141.0,204.0
621,2720,2021-06-08,Pittsburgh Pirates,Los Angeles Dodgers,0,165.0,-189.0,0.3773584905660377,0.6539792387543253,0.4317480283470994,0.5682519716529006,0.0543895377810617,-0.08572726710142464,True,False,0,1,0,0,26.156890447982057,0,470.824028063677,0.0,141.0,205.0
622,6148,2022-07-28,Houston Astros,Seattle Mariners,1,-141.0,123.0,0.5850622406639004,0.4484304932735426,0.5926262930731796,0.4073737069268204,0.007564052409279154,-0.04105678634672222,False,False,0,0,0,0,0.0,0,470.824028063677,0.0,141.0,205.0
623,3225,2021-07-17,Cincinnati Reds,Milwaukee Brewers,0,110.0,-120.0,0.4761904761904761,0.5454545454545454,0.4384125511128389,0.5615874488871611,-0.03777792507763722,0.016132903432615642,False,True,1,0,0,0,26.156890447982057,0,492.6214367703287,21.797408706651716,142.0,205.0
624,8434,2023-05-27,Milwaukee Brewers,San Francisco Giants,0,-115.5,100.0,0.5359628770301624,0.5,0.5176479276280729,0.4823520723719271,-0.018314949402089553,-0.01764792762807288,False,False,0,0,0,0,0.0,0,492.6214367703287,0.0,142.0,205.0
625,3332,2021-07-24,Seattle Mariners,Oakland Athletics,1,110.0,-130.0,0.4761904761904761,0.5652173913043478,0.4370807848621104,0.5629192151378897,-0.039109691328365725,-0.00229817616645811,False,False,0,0,0,0,0.0,0,492.6214367703287,0.0,142.0,205.0
626,5644,2022-06-19,Washington Nationals,Philadelphia Phillies,1,155.0,-182.0,0.392156862745098,0.6453900709219859,0.4319941595649474,0.5680058404350525,0.03983729681984943,-0.07738423048693333,True,False,1,0,0,0,24.631071838516437,0,530.7995981200293,38.17816134970048,143.0,205.0
627,8280,2023-05-16,Boston Red Sox,Seattle Mariners,1,140.0,-159.0,0.4166666666666667,0.6138996138996139,0.4331757264045484,0.5668242735954516,0.016509059737881693,-0.04707534030416227,True,False,1,0,0,0,24.631071838516437,0,565.2830986939523,34.48350057392301,144.0,205.0
628,2274,2021-05-06,Boston Red Sox,Detroit Tigers,1,-208.0,180.0,0.6753246753246753,0.3571428571428571,0.615025343187054,0.3849746568129459,-0.060299332137621287,0.027831799670088808,False,True,0,1,0,0,24.631071838516437,0,540.6520268554359,0.0,144.0,206.0
629,3412,2021-07-30,Arizona Diamondbacks,Los Angeles Dodgers,1,160.0,-189.0,0.3846153846153846,0.6539792387543253,0.4315764924334313,0.5684235075665687,0.04696110781804674,-0.08555573118775661,True,False,1,0,0,0,24.631071838516437,0,580.0617417970623,39.409714941626305,145.0,206.0
630,3248,2021-07-18,Los Angeles Angels,Seattle Mariners,0,-130.0,115.0,0.5652173913043478,0.4651162790697674,0.5888148012670262,0.4111851987329737,0.02359740996267845,-0.05393108033679367,True,False,0,1,0,0,29.003087089853114,0,551.0586547072091,0.0,145.0,207.0
631,1043,2020-09-09,Detroit Tigers,Milwaukee Brewers,0,148.0,-164.0,0.4032258064516129,0.6212121212121212,0.4526884807199959,0.5473115192800041,0.04946267426838302,-0.07390060193211712,True,False,0,1,0,0,29.003087089853114,0,522.055567617356,0.0,145.0,208.0
632,6093,2022-07-24,Kansas City Royals,Tampa Bay Rays,1,130.0,-149.0,0.4347826086956521,0.5983935742971888,0.4329291778311973,0.5670708221688027,-0.0018534308644548303,-0.03132275212838609,False,False,0,0,0,0,0.0,0,522.055567617356,0.0,145.0,208.0
633,3651,2021-08-17,Cincinnati Reds,Chicago Cubs,0,-161.0,138.0,0.6168582375478927,0.4201680672268907,0.6052693733761467,0.3947306266238533,-0.011588864171745983,-0.02543744060303743,False,False,0,0,0,0,0.0,0,522.055567617356,0.0,145.0,208.0
634,3250,2021-07-18,New York Yankees,Boston Red Sox,1,-118.0,100.0,0.5412844036697247,0.5,0.5828587779618492,0.4171412220381508,0.041574374292124405,-0.0828587779618492,True,False,1,0,0,0,29.003087089853114,0,546.6344549816383,24.5788873642823,146.0,208.0
635,5925,2022-07-09,Kansas City Royals,Cleveland Guardians,0,110.0,-125.0,0.4761904761904761,0.5555555555555556,0.4425057707379799,0.55749422926202,-0.03368470545249619,0.0019386737064643889,False,False,0,0,0,0,0.0,0,546.6344549816383,0.0,146.0,208.0
636,8448,2023-05-28,Chicago Cubs,Cincinnati Reds,0,-155.0,135.0,0.6078431372549019,0.425531914893617,0.5708561087809696,0.4291438912190304,-0.036987028473932315,0.0036119763254133797,False,False,0,0,0,0,0.0,0,546.6344549816383,0.0,146.0,208.0
637,2284,2021-05-07,New York Yankees,Washington Nationals,0,-192.0,165.0,0.6575342465753424,0.3773584905660377,0.6124490073389859,0.3875509926610141,-0.045085239236356545,0.010192502094976408,False,True,1,0,0,0,27.33172274908192,0,591.7317975176235,45.09734253598516,147.0,208.0
638,2997,2021-06-27,Los Angeles Dodgers,Chicago Cubs,1,-200.0,170.0,0.6666666666666666,0.3703703703703703,0.6128194462875024,0.3871805537124976,-0.05384722037916423,0.016810183342127305,False,True,0,1,0,0,27.33172274908192,0,564.4000747685416,0.0,147.0,209.0
639,6631,2022-09-02,Detroit Tigers,Kansas City Royals,1,-108.0,-109.0,0.5192307692307693,0.5215311004784688,0.497527760976894,0.502472239023106,-0.021703008253875278,-0.01905886145536284,False,False,0,0,0,0,0.0,0,564.4000747685416,0.0,147.0,209.0
640,3971,2021-09-09,New York Yankees,Toronto Blue Jays,0,-117.0,102.0,0.5391705069124424,0.495049504950495,0.5440255244470024,0.4559744755529976,0.004855017534559969,-0.03907502939749741,False,False,0,0,0,0,0.0,0,564.4000747685416,0.0,147.0,209.0
641,3845,2021-08-31,Minnesota Twins,Chicago Cubs,0,-167.0,145.0,0.6254681647940075,0.4081632653061224,0.6062348663457648,0.3937651336542352,-0.01923329844824262,-0.014398131651887192,False,False,0,0,0,0,0.0,0,564.4000747685416,0.0,147.0,209.0
642,7866,2023-04-16,Boston Red Sox,Los Angeles Angels,1,-112.0,-105.0,0.5283018867924528,0.5121951219512195,0.5108624497760899,0.4891375502239101,-0.01743943701636297,-0.023057571727309434,False,False,0,0,0,0,0.0,0,564.4000747685416,0.0,147.0,209.0
643,8383,2023-05-23,Los Angeles Angels,Boston Red Sox,1,-103.0,-112.5,0.5073891625615764,0.5294117647058824,0.5074225153972424,0.4925774846027577,3.335283566596736e-05,-0.03683428010312467,False,False,0,0,0,0,0.0,0,564.4000747685416,0.0,147.0,209.0
644,5186,2022-05-17,Cleveland Guardians,Cincinnati Reds,0,-161.0,140.0,0.6168582375478927,0.4166666666666667,0.6125122811508878,0.3874877188491121,-0.004345956397004858,-0.02917894781755459,False,False,0,0,0,0,0.0,0,564.4000747685416,0.0,147.0,209.0
645,982,2020-09-05,Oakland Athletics,San Diego Padres,1,-108.0,-105.0,0.5192307692307693,0.5121951219512195,0.5061253771296127,0.4938746228703872,-0.013105392101156577,-0.01832049908083233,False,False,0,0,0,0,0.0,0,564.4000747685416,0.0,147.0,209.0
646,3036,2021-06-30,Houston Astros,Baltimore Orioles,0,-323.0,270.0,0.7635933806146572,0.2702702702702703,0.6148523214576018,0.3851476785423982,-0.14874105915705538,0.11487740827212789,False,True,1,0,0,0,28.22000373842708,0,640.5940848622947,76.19401009375312,148.0,209.0
647,8742,2023-06-19,Cincinnati Reds,Colorado Rockies,1,-162.0,140.0,0.6183206106870229,0.4166666666666667,0.6125910270135253,0.3874089729864746,-0.005729583673497629,-0.0292576936801921,False,False,0,0,0,0,0.0,0,640.5940848622947,0.0,148.0,209.0
648,2978,2021-06-26,Boston Red Sox,New York Yankees,1,-115.0,101.0,0.5348837209302325,0.4975124378109453,0.5256022715546371,0.4743977284453629,-0.009281449375595385,-0.02311470936558241,False,False,0,0,0,0,0.0,0,640.5940848622947,0.0,148.0,209.0
649,8158,2023-05-07,Philadelphia Phillies,Boston Red Sox,1,-125.0,107.5,0.5555555555555556,0.4819277108433735,0.5182952475130712,0.4817047524869288,-0.03726030804248437,-0.0002229583564447024,False,False,0,0,0,0,0.0,0,640.5940848622947,0.0,148.0,209.0
650,6708,2022-09-07,Los Angeles Angels,Detroit Tigers,0,-200.0,179.0,0.6666666666666666,0.3584229390681003,0.6106658171806552,0.3893341828193449,-0.05600084948601147,0.0309112437512446,False,True,1,0,0,0,32.029704243114736,0,697.9272554574701,57.33317059517538,149.0,209.0
651,8449,2023-05-28,Colorado Rockies,New York Mets,1,125.0,-145.0,0.4444444444444444,0.5918367346938775,0.4340047490078442,0.5659952509921558,-0.010439695436600227,-0.02584148370172179,False,False,0,0,0,0,0.0,0,697.9272554574701,0.0,149.0,209.0
652,4141,2021-09-22,Philadelphia Phillies,Baltimore Orioles,1,-317.5,265.0,0.7604790419161677,0.273972602739726,0.6154557229165116,0.3845442770834884,-0.14502331899965604,0.11057167434376236,False,True,0,1,0,0,32.029704243114736,0,665.8975512143554,0.0,149.0,210.0
653,1059,2020-09-10,Washington Nationals,Atlanta Braves,0,130.0,-149.0,0.4347826086956521,0.5983935742971888,0.4370440166496664,0.5629559833503335,0.002261407954014305,-0.03543759094685528,False,False,0,0,0,0,0.0,0,665.8975512143554,0.0,149.0,210.0
654,473,2020-08-01,Chicago Cubs,Pittsburgh Pirates,1,-160.0,141.5,0.6153846153846154,0.4140786749482402,0.6151734387684196,0.3848265612315804,-0.0002111766161958517,-0.02925211371665981,False,False,0,0,0,0,0.0,0,665.8975512143554,0.0,149.0,210.0
655,2801,2021-06-13,Arizona Diamondbacks,Los Angeles Angels,0,115.0,-133.0,0.4651162790697674,0.5708154506437768,0.4339694868006333,0.5660305131993667,-0.031146792269134083,-0.004784937444410109,False,False,0,0,0,0,0.0,0,665.8975512143554,0.0,149.0,210.0
656,5521,2022-06-10,Atlanta Braves,Pittsburgh Pirates,1,-200.0,179.0,0.6666666666666666,0.3584229390681003,0.6138691425786782,0.3861308574213218,-0.052797524087988434,0.027707918353221506,False,True,0,1,0,0,33.29487756071777,0,632.6026736536377,0.0,149.0,211.0
657,5783,2022-06-29,Arizona Diamondbacks,San Diego Padres,0,120.0,-139.0,0.4545454545454545,0.5815899581589958,0.4378406282039389,0.5621593717960611,-0.0167048263415156,-0.01943058636293471,False,False,0,0,0,0,0.0,0,632.6026736536377,0.0,149.0,211.0
658,6361,2022-08-13,Cincinnati Reds,Chicago Cubs,0,-120.0,102.0,0.5454545454545454,0.495049504950495,0.5576607234437383,0.4423392765562617,0.012206177989192879,-0.05271022839423328,True,False,0,1,0,0,33.29487756071777,0,599.30779609292,0.0,149.0,212.0
659,8628,2023-06-11,Detroit Tigers,Arizona Diamondbacks,0,190.0,-225.0,0.3448275862068966,0.6923076923076923,0.4318551889352153,0.5681448110647846,0.08702760272831872,-0.12416288124290764,True,False,0,1,0,0,33.29487756071777,0,566.0129185322022,0.0,149.0,213.0
660,4960,2022-05-01,Milwaukee Brewers,Chicago Cubs,0,-204.0,175.0,0.6710526315789473,0.3636363636363636,0.6151023808704358,0.3848976191295642,-0.05595025070851156,0.021261255493200626,False,True,1,0,0,0,28.300645926610112,0,615.5390489037699,49.526130371567696,150.0,213.0
661,3523,2021-08-07,Colorado Rockies,Miami Marlins,1,-161.0,140.0,0.6168582375478927,0.4166666666666667,0.5994473960503302,0.4005526039496698,-0.017410841497562557,-0.01611406271699689,False,False,0,0,0,0,0.0,0,615.5390489037699,0.0,150.0,213.0
662,8560,2023-06-06,Pittsburgh Pirates,Oakland Athletics,0,-250.0,210.0,0.7142857142857143,0.3225806451612903,0.6157880755334884,0.3842119244665117,-0.09849763875222595,0.06163127930522139,False,True,1,0,0,0,28.300645926610112,0,674.9704053496511,59.43135644588124,151.0,213.0
663,3146,2021-07-08,Chicago Cubs,Philadelphia Phillies,0,-114.0,-103.0,0.5327102803738317,0.5073891625615764,0.5320857374453596,0.4679142625546403,-0.0006245429284721382,-0.0394749000069361,False,False,0,0,0,0,0.0,0,674.9704053496511,0.0,151.0,213.0
664,2056,2021-04-20,Boston Red Sox,Toronto Blue Jays,1,-115.0,102.0,0.5348837209302325,0.495049504950495,0.6016141779951562,0.3983858220048438,0.06673045706492364,-0.0966636829456512,True,False,1,0,0,0,28.300645926610112,0,699.5796626771381,24.609257327487054,152.0,213.0
665,7063,2022-10-03,Milwaukee Brewers,Arizona Diamondbacks,1,-238.0,200.0,0.7041420118343196,0.3333333333333333,0.6124955888297408,0.3875044111702593,-0.09164642300457881,0.054171077836925985,False,True,0,1,0,0,34.97898313385691,0,664.6006795432812,0.0,152.0,214.0
666,2703,2021-06-06,Pittsburgh Pirates,Miami Marlins,0,119.0,-135.0,0.45662100456621,0.574468085106383,0.4516932752809322,0.5483067247190678,-0.004927729285277793,-0.026161360387315202,False,False,0,0,0,0,0.0,0,664.6006795432812,0.0,152.0,214.0
667,2651,2021-06-02,Toronto Blue Jays,Miami Marlins,1,-153.0,132.5,0.6047430830039525,0.4301075268817204,0.6013236462669638,0.3986763537330363,-0.0034194367369887457,-0.0314311731486841,False,False,0,0,0,0,0.0,0,664.6006795432812,0.0,152.0,214.0
668,5435,2022-06-03,Oakland Athletics,Boston Red Sox,0,140.0,-161.0,0.4166666666666667,0.6168582375478927,0.4351828249336114,0.5648171750663886,0.018516158266944693,-0.052041062481504086,True,False,0,1,0,0,34.97898313385691,0,629.6216964094243,0.0,152.0,215.0
669,6349,2022-08-12,Boston Red Sox,New York Yankees,1,108.0,-125.0,0.4807692307692308,0.5555555555555556,0.4363461209512442,0.5636538790487557,-0.044423109817986584,0.008098323493200166,False,False,0,0,0,0,0.0,0,629.6216964094243,0.0,152.0,215.0
670,6509,2022-08-23,Colorado Rockies,Texas Rangers,1,-120.0,105.0,0.5454545454545454,0.4878048780487805,0.5473562040036366,0.4526437959963634,0.0019016585490911897,-0.03516108205241708,False,False,0,0,0,0,0.0,0,629.6216964094243,0.0,152.0,215.0
671,3491,2021-08-05,Cincinnati Reds,Pittsburgh Pirates,1,-233.0,199.0,0.6996996996996997,0.334448160535117,0.61324574249911,0.3867542575008899,-0.08645395720058968,0.052306096965772875,False,True,0,1,0,0,31.481084820471217,0,598.1406115889531,0.0,152.0,216.0
672,5464,2022-06-05,Colorado Rockies,Atlanta Braves,0,135.0,-149.0,0.425531914893617,0.5983935742971888,0.4324734522319245,0.5675265477680754,0.006941537338307491,-0.03086702652911333,False,False,0,0,0,0,0.0,0,598.1406115889531,0.0,152.0,216.0
673,3529,2021-08-08,Toronto Blue Jays,Boston Red Sox,1,-217.0,185.0,0.6845425867507886,0.3508771929824561,0.6040754125055819,0.395924587494418,-0.08046717424520666,0.04504739451196188,False,True,0,1,0,0,31.481084820471217,0,566.6595267684819,0.0,152.0,217.0
674,6453,2022-08-19,Colorado Rockies,San Francisco Giants,1,145.0,-169.0,0.4081632653061224,0.6282527881040892,0.4324855967407924,0.5675144032592074,0.024322331434669997,-0.06073838484488181,True,False,1,0,0,0,31.481084820471217,0,612.3070997581651,45.64757298968326,153.0,217.0
675,7994,2023-04-25,Cincinnati Reds,Texas Rangers,1,131.0,-150.0,0.4329004329004329,0.6,0.4326107364198486,0.5673892635801514,-0.00028969648058430053,-0.032610736419848574,False,False,0,0,0,0,0.0,0,612.3070997581651,0.0,153.0,217.0
676,3064,2021-07-02,Arizona Diamondbacks,San Francisco Giants,0,130.0,-147.0,0.4347826086956521,0.5951417004048583,0.4327246738007868,0.5672753261992132,-0.002057934894865332,-0.027866374205645084,False,False,0,0,0,0,0.0,0,612.3070997581651,0.0,153.0,217.0
677,1024,2020-09-07,San Diego Padres,Colorado Rockies,1,-196.0,169.0,0.6621621621621622,0.3717472118959107,0.6129132727672564,0.3870867272327436,-0.04924888939490579,0.01533951533683292,False,True,0,1,0,0,30.61535498790826,0,581.6917447702568,0.0,153.0,218.0
678,6504,2022-08-23,Detroit Tigers,San Francisco Giants,0,185.0,-222.0,0.3508771929824561,0.6894409937888198,0.4323001244637003,0.5676998755362997,0.08142293148124419,-0.1217411182525201,True,False,0,1,0,0,30.61535498790826,0,551.0763897823485,0.0,153.0,219.0
679,3715,2021-08-21,Boston Red Sox,Texas Rangers,0,-333.0,270.0,0.76905311778291,0.2702702702702703,0.615381365959248,0.3846186340407519,-0.153671751823662,0.11434836377048163,False,True,1,0,0,0,30.61535498790826,0,633.7378482497008,82.6614584673523,154.0,219.0
680,6468,2022-08-20,Oakland Athletics,Seattle Mariners,1,160.0,-182.0,0.3846153846153846,0.6453900709219859,0.43219567987456,0.5678043201254399,0.0475802952591754,-0.07758575079654595,True,False,1,0,0,0,31.686892412485044,0,684.4368761096769,50.69902785997607,155.0,219.0
681,8334,2023-05-20,Houston Astros,Oakland Athletics,1,-300.0,250.0,0.75,0.2857142857142857,0.6158707364938878,0.3841292635061122,-0.1341292635061122,0.09841497779182651,False,True,0,1,0,0,31.686892412485044,0,652.7499836971919,0.0,155.0,220.0
682,2055,2021-04-20,Philadelphia Phillies,San Francisco Giants,0,-161.0,140.0,0.6168582375478927,0.4166666666666667,0.56831475311208,0.4316852468879199,-0.04854348443581269,0.015018580221253242,False,True,1,0,0,0,31.686892412485044,0,697.1116330746709,44.36164937747906,156.0,220.0
683,8751,2023-06-20,Miami Marlins,Toronto Blue Jays,0,-115.0,100.0,0.5348837209302325,0.5,0.5864345978794735,0.4135654021205265,0.05155087694924099,-0.0864345978794735,True,False,0,1,0,0,31.686892412485044,0,665.4247406621859,0.0,156.0,221.0
684,4030,2021-09-14,Detroit Tigers,Milwaukee Brewers,1,175.0,-204.0,0.3636363636363636,0.6710526315789473,0.4321941485476693,0.5678058514523306,0.06855778491130571,-0.1032467801266167,True,False,1,0,0,0,31.686892412485044,0,720.8768023840347,55.45206172184883,157.0,221.0
685,5066,2022-05-08,Arizona Diamondbacks,Colorado Rockies,1,-149.0,130.0,0.5983935742971888,0.4347826086956521,0.5548552543918817,0.4451447456081184,-0.0435383199053071,0.010362136912466291,False,True,0,1,0,0,36.04384011920174,0,684.832962264833,0.0,157.0,222.0
686,4144,2021-09-22,Chicago Cubs,Minnesota Twins,0,-104.0,-111.0,0.5098039215686274,0.5260663507109005,0.4692493616696402,0.5307506383303597,-0.04055455989898721,0.004684287619459271,False,False,0,0,0,0,0.0,0,684.832962264833,0.0,157.0,222.0
687,3186,2021-07-11,Boston Red Sox,Philadelphia Phillies,0,-118.0,102.0,0.5412844036697247,0.495049504950495,0.552437603691869,0.447562396308131,0.01115320002214426,-0.047487108642363995,True,False,0,1,0,0,36.04384011920174,0,648.7891221456313,0.0,157.0,223.0
688,3722,2021-08-22,Cincinnati Reds,Miami Marlins,1,-145.0,126.0,0.5918367346938775,0.4424778761061947,0.6023944834834325,0.3976055165165674,0.010557748789554955,-0.04487235958962732,True,False,1,0,0,0,36.04384011920174,0,673.6469429174946,24.85782077186327,158.0,223.0
689,3133,2021-07-07,Baltimore Orioles,Toronto Blue Jays,0,185.0,-210.5,0.3508771929824561,0.677938808373591,0.4324174036974388,0.5675825963025611,0.08154021071498269,-0.11035621207102986,True,False,0,1,0,0,36.04384011920174,0,637.6031027982929,0.0,158.0,224.0
690,4998,2022-05-04,New York Mets,Atlanta Braves,0,-141.0,120.0,0.5850622406639004,0.4545454545454545,0.6081525283674959,0.3918474716325041,0.023090287703595447,-0.06269798291295037,True,False,0,1,0,0,31.880155139914645,0,605.7229476583782,0.0,158.0,225.0
691,8891,2023-06-30,Seattle Mariners,Tampa Bay Rays,0,120.0,-138.5,0.4545454545454545,0.5807127882599581,0.4349486914709203,0.5650513085290797,-0.019596763074534174,-0.01566147973087839,False,False,0,0,0,0,0.0,0,605.7229476583782,0.0,158.0,225.0
692,2516,2021-05-24,Toronto Blue Jays,Tampa Bay Rays,0,105.0,-121.0,0.4878048780487805,0.5475113122171946,0.4353467077534353,0.5646532922465647,-0.05245817029534516,0.017141980029370063,False,True,1,0,0,0,31.880155139914645,0,632.0701833112003,26.34723565282202,159.0,225.0
693,3892,2021-09-04,Washington Nationals,New York Mets,0,140.0,-164.0,0.4166666666666667,0.6212121212121212,0.4341812313447812,0.5658187686552187,0.01751456467811452,-0.055393352556902475,True,False,0,1,0,0,31.880155139914645,0,600.1900281712856,0.0,159.0,226.0
694,8411,2023-05-26,Tampa Bay Rays,Los Angeles Dodgers,1,-120.0,102.0,0.5454545454545454,0.495049504950495,0.5348552608092476,0.4651447391907524,-0.010599284645297802,-0.029904765759742602,False,False,0,0,0,0,0.0,0,600.1900281712856,0.0,159.0,226.0
695,4868,2022-04-24,Oakland Athletics,Texas Rangers,1,105.0,-120.0,0.4878048780487805,0.5454545454545454,0.5264696142542412,0.4735303857457588,0.03866473620546074,-0.07192415970878663,True,False,1,0,0,0,30.00950140856428,0,631.7000046502781,31.509976478992495,160.0,226.0
696,3207,2021-07-16,Atlanta Braves,Tampa Bay Rays,0,-130.0,112.0,0.5652173913043478,0.4716981132075472,0.541618514292943,0.458381485707057,-0.02359887701140473,-0.013316627500490175,False,False,0,0,0,0,0.0,0,631.7000046502781,0.0,160.0,226.0
697,3564,2021-08-11,Houston Astros,Colorado Rockies,1,-250.0,205.0,0.7142857142857143,0.3278688524590163,0.6135991264224618,0.3864008735775381,-0.10068658786325246,0.05853202111852179,False,True,0,1,0,0,30.00950140856428,0,601.6905032417138,0.0,160.0,227.0
698,8477,2023-05-30,Oakland Athletics,Atlanta Braves,1,220.0,-265.0,0.3125,0.726027397260274,0.4314134580930189,0.5685865419069811,0.1189134580930189,-0.15744085535329289,True,False,1,0,0,0,30.00950140856428,0,667.7114063405552,66.02090309884142,161.0,227.0
699,8831,2023-06-26,New York Mets,Milwaukee Brewers,0,-180.0,155.0,0.6428571428571429,0.392156862745098,0.5847272022614157,0.4152727977385843,-0.05812994059572718,0.023115934993486298,False,True,1,0,0,0,30.00950140856428,0,714.2261335238298,46.51472718327464,162.0,227.0
700,2641,2021-06-01,Kansas City Royals,Pittsburgh Pirates,1,-185.0,164.0,0.6491228070175439,0.3787878787878788,0.6098677220026474,0.3901322779973525,-0.039255085014896496,0.011344399209473721,False,True,0,1,0,0,35.71130667619149,0,678.5148268476383,0.0,162.0,228.0
701,2527,2021-05-25,New York Yankees,Toronto Blue Jays,0,-179.0,154.0,0.6415770609318996,0.3937007874015748,0.6121451259116681,0.3878548740883319,-0.029431935020231448,-0.005845913313242912,False,False,0,0,0,0,0.0,0,678.5148268476383,0.0,162.0,228.0
702,1075,2020-09-11,Texas Rangers,Oakland Athletics,0,150.0,-175.0,0.4,0.6363636363636364,0.4321054322423312,0.5678945677576688,0.0321054322423312,-0.06846906860596758,True,False,0,1,0,0,35.71130667619149,0,642.8035201714468,0.0,162.0,229.0
703,5037,2022-05-07,Chicago Cubs,Los Angeles Dodgers,0,195.0,-233.0,0.3389830508474576,0.6996996996996997,0.4315017593707504,0.5684982406292495,0.0925187085232928,-0.13120145907045022,True,False,0,1,0,0,35.71130667619149,0,607.0922134952554,0.0,162.0,230.0
704,8416,2023-05-26,Atlanta Braves,Philadelphia Phillies,0,-151.0,135.0,0.601593625498008,0.425531914893617,0.6083291699181789,0.3916708300818211,0.00673554442017088,-0.03386108481179595,False,False,0,0,0,0,0.0,0,607.0922134952554,0.0,162.0,230.0
705,8193,2023-05-09,Los Angeles Angels,Houston Astros,0,-139.0,120.0,0.5815899581589958,0.4545454545454545,0.5278568478372974,0.4721431521627026,-0.053733110321698474,0.01759769761724811,False,True,1,0,0,0,30.354610674762768,0,643.5177463049706,36.42553280971532,163.0,230.0
706,7010,2022-09-30,Chicago Cubs,Cincinnati Reds,1,-146.0,128.0,0.5934959349593496,0.4385964912280701,0.5993109129972807,0.4006890870027192,0.005814978037931073,-0.03790740422535088,False,False,0,0,0,0,0.0,0,643.5177463049706,0.0,163.0,230.0
707,7056,2022-10-03,Cleveland Guardians,Kansas City Royals,0,-178.5,156.0,0.6409335727109515,0.390625,0.6102685608292799,0.3897314391707201,-0.03066501188167159,-0.0008935608292798825,False,False,0,0,0,0,0.0,0,643.5177463049706,0.0,163.0,230.0
708,1319,2020-09-27,Atlanta Braves,Boston Red Sox,0,-135.0,119.0,0.574468085106383,0.45662100456621,0.6099752614632552,0.3900247385367447,0.03550717635687217,-0.06659626602946533,True,False,0,1,0,0,30.354610674762768,0,613.1631356302079,0.0,163.0,231.0
709,2225,2021-05-02,Arizona Diamondbacks,Colorado Rockies,1,-148.0,130.0,0.5967741935483871,0.4347826086956521,0.5848819157179952,0.4151180842820047,-0.011892277830391929,-0.01966452441364741,False,False,0,0,0,0,0.0,0,613.1631356302079,0.0,163.0,231.0
710,8232,2023-05-12,Los Angeles Dodgers,San Diego Padres,1,-143.0,123.0,0.588477366255144,0.4484304932735426,0.6120820772715558,0.3879179227284441,0.023604711016411817,-0.06051257054509851,True,False,1,0,0,0,30.658156781510396,0,634.6024061067885,21.439270476580695,164.0,231.0
711,3035,2021-06-30,Atlanta Braves,New York Mets,1,-149.0,133.0,0.5983935742971888,0.4291845493562232,0.5908827896973262,0.4091172103026738,-0.007510784599862541,-0.020067339053549405,False,False,0,0,0,0,0.0,0,634.6024061067885,0.0,164.0,231.0
712,4985,2022-05-03,Houston Astros,Seattle Mariners,1,-145.0,128.0,0.5918367346938775,0.4385964912280701,0.5910216052052206,0.4089783947947794,-0.0008151294886569183,-0.02961809643329072,False,False,0,0,0,0,0.0,0,634.6024061067885,0.0,164.0,231.0
713,6738,2022-09-09,San Diego Padres,Los Angeles Dodgers,1,140.0,-161.0,0.4166666666666667,0.6168582375478927,0.432758611890607,0.5672413881093931,0.016091945223940307,-0.049616849438499644,True,False,1,0,0,0,30.658156781510396,0,677.523825600903,42.92141949411455,165.0,231.0
714,1937,2021-04-12,Milwaukee Brewers,Chicago Cubs,1,-131.0,117.5,0.5670995670995671,0.4597701149425287,0.6012016698286016,0.3987983301713985,0.03410210272903447,-0.06097178477113019,True,False,1,0,0,0,30.658156781510396,0,700.9269987165599,23.40317311565679,166.0,231.0
715,2958,2021-06-25,Texas Rangers,Kansas City Royals,1,-108.0,-106.0,0.5192307692307693,0.5145631067961165,0.4882639200105848,0.5117360799894153,-0.0309668492201845,-0.002827026806701216,False,False,0,0,0,0,0.0,0,700.9269987165599,0.0,166.0,231.0
716,4789,2022-04-19,Detroit Tigers,New York Yankees,0,181.5,-213.0,0.3552397868561279,0.6805111821086262,0.4344090967122731,0.5655909032877269,0.07916930985614523,-0.11492027882089928,True,False,0,1,0,0,35.046349935828,0,665.8806487807319,0.0,166.0,232.0
717,3729,2021-08-22,Oakland Athletics,San Francisco Giants,0,-111.0,-105.0,0.5260663507109005,0.5121951219512195,0.4970802877731106,0.5029197122268894,-0.02898606293778988,-0.009275409724330164,False,False,0,0,0,0,0.0,0,665.8806487807319,0.0,166.0,232.0
718,5578,2022-06-14,Boston Red Sox,Oakland Athletics,1,-222.0,188.0,0.6894409937888198,0.3472222222222222,0.6149184060050497,0.3850815939949503,-0.07452258778377019,0.03785937177272808,False,True,0,1,0,0,35.046349935828,0,630.834298844904,0.0,166.0,233.0
719,8562,2023-06-06,Toronto Blue Jays,Houston Astros,1,-132.0,116.0,0.5689655172413793,0.4629629629629629,0.499609648338825,0.500390351661175,-0.06935586890255435,0.03742738869821205,False,True,0,1,0,0,35.046349935828,0,595.787948909076,0.0,166.0,234.0
720,5002,2022-05-04,Baltimore Orioles,Minnesota Twins,1,120.0,-135.0,0.4545454545454545,0.574468085106383,0.4332314864398697,0.5667685135601304,-0.02131396810558478,-0.00769957154625267,False,False,0,0,0,0,0.0,0,595.787948909076,0.0,166.0,234.0
721,8308,2023-05-18,Miami Marlins,Washington Nationals,1,-149.5,130.0,0.5991983967935872,0.4347826086956521,0.605783424612016,0.394216575387984,0.006585027818428735,-0.040566033307668115,False,False,0,0,0,0,0.0,0,595.787948909076,0.0,166.0,234.0
722,6113,2022-07-26,Chicago Cubs,Pittsburgh Pirates,1,-185.0,160.0,0.6491228070175439,0.3846153846153846,0.6050213486967158,0.3949786513032842,-0.044101458320828124,0.010363266687899608,False,True,0,1,0,0,29.7893974454538,0,565.9985514636222,0.0,166.0,235.0
723,8678,2023-06-14,Oakland Athletics,Tampa Bay Rays,0,225.5,-275.0,0.3072196620583717,0.7333333333333333,0.4314263705399501,0.5685736294600499,0.12420670848157839,-0.16475970387328343,True,False,0,1,0,0,29.7893974454538,0,536.2091540181684,0.0,166.0,236.0
724,4899,2022-04-27,Cincinnati Reds,San Diego Padres,0,155.0,-175.0,0.392156862745098,0.6363636363636364,0.4318510821911916,0.5681489178088084,0.03969421944609364,-0.06821471855482797,True,False,0,1,0,0,29.7893974454538,0,506.4197565727146,0.0,166.0,237.0
725,4176,2021-09-24,Minnesota Twins,Toronto Blue Jays,1,140.0,-159.0,0.4166666666666667,0.6138996138996139,0.4445014936136217,0.5554985063863783,0.027834826946954994,-0.05840110751323557,True,False,1,0,0,0,25.320987828635733,0,541.8691395328046,35.44938296009003,167.0,237.0
726,5512,2022-06-09,Atlanta Braves,Pittsburgh Pirates,1,-270.0,230.0,0.7297297297297297,0.303030303030303,0.6147231911501032,0.3852768088498968,-0.1150065385796265,0.08224650581959381,False,True,0,1,0,0,25.320987828635733,0,516.548151704169,0.0,167.0,238.0
727,3044,2021-07-01,Pittsburgh Pirates,Milwaukee Brewers,0,215.0,-256.0,0.3174603174603174,0.7191011235955056,0.4315656938960891,0.5684343061039109,0.11410537643577173,-0.15066681749159472,True,False,0,1,0,0,25.320987828635733,0,491.2271638755332,0.0,167.0,239.0
728,7842,2023-04-14,Boston Red Sox,Los Angeles Angels,1,100.0,-115.0,0.5,0.5348837209302325,0.4339248783820476,0.5660751216179525,-0.06607512161795243,0.031191400687719972,False,True,0,1,0,0,25.320987828635733,0,465.9061760468975,0.0,167.0,240.0
729,6207,2022-08-02,San Diego Padres,Colorado Rockies,1,-250.0,205.0,0.7142857142857143,0.3278688524590163,0.6132102331253665,0.3867897668746335,-0.10107548116034781,0.0589209144156172,False,True,0,1,0,0,25.320987828635733,0,440.58518821826175,0.0,167.0,241.0
730,5071,2022-05-09,New York Yankees,Texas Rangers,1,-217.0,182.0,0.6845425867507886,0.3546099290780142,0.6140688499191891,0.3859311500808108,-0.07047373683159952,0.031321221002796606,False,True,0,1,0,0,22.029259410913088,0,418.55592880734866,0.0,167.0,242.0
731,8039,2023-04-28,Milwaukee Brewers,Los Angeles Angels,1,-136.5,118.0,0.5771670190274841,0.4587155963302752,0.590081228804682,0.4099187711953181,0.012914209777197816,-0.04879682513495709,True,False,1,0,0,0,22.029259410913088,0,434.6945803904352,16.13865158308651,168.0,242.0
732,5124,2022-05-13,Detroit Tigers,Baltimore Orioles,1,-145.0,128.0,0.5918367346938775,0.4385964912280701,0.5656687628145642,0.4343312371854357,-0.0261679718793133,-0.004265254042634392,False,False,0,0,0,0,0.0,0,434.6945803904352,0.0,168.0,242.0
733,3970,2021-09-09,Philadelphia Phillies,Colorado Rockies,0,-192.0,165.0,0.6575342465753424,0.3773584905660377,0.610810292362535,0.3891897076374649,-0.046723954212807395,0.011831217071427202,False,True,1,0,0,0,22.029259410913088,0,471.04285841844177,36.3482780280066,169.0,242.0
734,4159,2021-09-23,Arizona Diamondbacks,Atlanta Braves,1,165.0,-189.0,0.3773584905660377,0.6539792387543253,0.4315639956100008,0.5684360043899992,0.0542055050439631,-0.08554323436432609,True,False,1,0,0,0,22.029259410913088,0,507.39113644644834,36.3482780280066,170.0,242.0
735,8642,2023-06-11,New York Yankees,Boston Red Sox,0,-124.5,105.0,0.5545657015590201,0.4878048780487805,0.6077597259595371,0.3922402740404628,0.053194024400517015,-0.09556460400831768,True,False,0,1,0,0,25.36955682232242,0,482.02157962412593,0.0,170.0,243.0
736,4753,2022-04-16,Baltimore Orioles,New York Yankees,0,160.0,-185.0,0.3846153846153846,0.6491228070175439,0.44423757401811,0.5557624259818901,0.0596221894027254,-0.0933603810356538,True,False,0,1,0,0,25.36955682232242,0,456.6520228018035,0.0,170.0,244.0
737,2810,2021-06-14,Milwaukee Brewers,Cincinnati Reds,0,-152.0,135.0,0.6031746031746031,0.425531914893617,0.5872942879253357,0.4127057120746643,-0.015880315249267474,-0.012826202818952748,False,False,0,0,0,0,0.0,0,456.6520228018035,0.0,170.0,244.0
738,2980,2021-06-26,San Diego Padres,Arizona Diamondbacks,0,-286.0,235.0,0.7409326424870466,0.2985074626865671,0.6157491057472255,0.3842508942527744,-0.12518353673982108,0.08574343156620734,False,True,1,0,0,0,25.36955682232242,0,516.2704813342613,59.61845853245769,171.0,244.0
739,4798,2022-04-19,Seattle Mariners,Texas Rangers,1,-149.0,130.0,0.5983935742971888,0.4347826086956521,0.6155509454530704,0.3844490545469295,0.017157371155881673,-0.05033355414872259,True,False,1,0,0,0,25.36955682232242,0,533.2970295371622,17.026548202900955,172.0,244.0
740,5802,2022-07-01,Toronto Blue Jays,Tampa Bay Rays,1,-135.0,115.0,0.574468085106383,0.4651162790697674,0.5902849755351722,0.4097150244648277,0.0158168904287892,-0.055401254604939665,True,False,1,0,0,0,26.66485147685811,0,553.0487713718719,19.751741834709712,173.0,244.0
741,8159,2023-05-07,New York Mets,Colorado Rockies,0,-200.0,170.0,0.6666666666666666,0.3703703703703703,0.6133958462532705,0.3866041537467294,-0.05327082041339615,0.016233783376359112,False,True,1,0,0,0,26.66485147685811,0,598.3790188825307,45.330247510658786,174.0,244.0
742,5285,2022-05-24,Atlanta Braves,Philadelphia Phillies,1,-156.0,140.0,0.609375,0.4166666666666667,0.57089237271262,0.4291076272873799,-0.038482627287379945,0.012440960620713204,False,True,0,1,0,0,26.66485147685811,0,571.7141674056726,0.0,174.0,245.0
743,2120,2021-04-25,Boston Red Sox,Seattle Mariners,1,-196.0,170.0,0.6621621621621622,0.3703703703703703,0.5908980820462513,0.4091019179537487,-0.0712640801159109,0.03873154758337838,False,True,0,1,0,0,26.66485147685811,0,545.0493159288145,0.0,174.0,246.0
744,4920,2022-04-28,Los Angeles Angels,Cleveland Guardians,1,-154.0,135.0,0.6062992125984252,0.425531914893617,0.6075874285799703,0.3924125714200298,0.001288215981545049,-0.03311934347358725,False,False,0,0,0,0,0.0,0,545.0493159288145,0.0,174.0,246.0
745,6146,2022-07-28,Toronto Blue Jays,Detroit Tigers,1,-227.0,190.0,0.6941896024464832,0.3448275862068966,0.6124245422398484,0.3875754577601516,-0.08176506020663477,0.042747871553255046,False,True,0,1,0,0,27.252465796440728,0,517.7968501323738,0.0,174.0,247.0
746,8137,2023-05-05,Arizona Diamondbacks,Washington Nationals,1,-190.0,157.5,0.6551724137931034,0.3883495145631068,0.6093944893372931,0.3906055106627069,-0.045777924455810304,0.0022559960996000883,False,False,0,0,0,0,0.0,0,517.7968501323738,0.0,174.0,247.0
747,6336,2022-08-11,Detroit Tigers,Cleveland Guardians,0,145.0,-167.0,0.4081632653061224,0.6254681647940075,0.4336251586312185,0.5663748413687815,0.025461893325096074,-0.059093323425225996,True,False,0,1,0,0,27.252465796440728,0,490.5443843359331,0.0,174.0,248.0
748,6665,2022-09-04,New York Mets,Washington Nationals,0,-312.0,260.0,0.7572815533980582,0.2777777777777778,0.615347263275601,0.384652736724399,-0.14193429012245729,0.10687495894662119,False,True,1,0,0,0,27.252465796440728,0,561.400795406679,70.85641107074589,175.0,248.0
749,716,2020-08-18,Arizona Diamondbacks,Oakland Athletics,1,144.5,-157.5,0.4089979550102249,0.6116504854368932,0.433296632131742,0.566703367868258,0.02429867712151712,-0.04494711756863512,True,False,1,0,0,0,27.252465796440728,0,600.7806084825359,39.37981307585685,176.0,248.0
750,2855,2021-06-17,Los Angeles Angels,Detroit Tigers,1,-224.5,190.0,0.6918335901386748,0.3448275862068966,0.5989737764408722,0.4010262235591278,-0.0928598136978026,0.05619863735223124,False,True,0,1,0,0,30.039030424126793,0,570.741578058409,0.0,176.0,249.0
751,1189,2020-09-19,Philadelphia Phillies,Toronto Blue Jays,1,123.5,-141.0,0.4474272930648769,0.5850622406639004,0.4699529695679573,0.5300470304320427,0.022525676503080405,-0.055015210231857736,True,False,1,0,0,0,30.039030424126793,0,607.8397806322056,37.09820257379659,177.0,249.0
752,8510,2023-06-02,Minnesota Twins,Cleveland Guardians,1,-135.0,116.0,0.574468085106383,0.4629629629629629,0.5985927950627019,0.401407204937298,0.02412470995631888,-0.06155575802566493,True,False,1,0,0,0,30.039030424126793,0,630.0909142797069,22.251133647501327,178.0,249.0
753,3367,2021-07-27,Los Angeles Angels,Colorado Rockies,0,-141.0,120.0,0.5850622406639004,0.4545454545454545,0.5996968247925312,0.4003031752074688,0.014634584128630723,-0.0542422793379857,True,False,0,1,0,0,30.039030424126793,0,600.0518838555802,0.0,178.0,250.0
754,3362,2021-07-27,Tampa Bay Rays,New York Yankees,0,-147.0,130.0,0.5951417004048583,0.4347826086956521,0.6029705108653871,0.3970294891346129,0.007828810460528857,-0.03775311956103922,False,False,0,0,0,0,0.0,0,600.0518838555802,0.0,178.0,250.0
755,5127,2022-05-13,Atlanta Braves,San Diego Padres,0,-154.0,135.0,0.6062992125984252,0.425531914893617,0.5875017678551828,0.4124982321448171,-0.01879744474324241,-0.013033682748799902,False,False,0,0,0,0,0.0,0,600.0518838555802,0.0,178.0,250.0
756,5195,2022-05-17,Texas Rangers,Los Angeles Angels,1,110.0,-130.0,0.4761904761904761,0.5652173913043478,0.4351426936941917,0.5648573063058082,-0.041047782496284435,-0.0003600849985395671,False,False,0,0,0,0,0.0,0,600.0518838555802,0.0,178.0,250.0
757,6377,2022-08-14,New York Mets,Philadelphia Phillies,1,-135.0,118.0,0.574468085106383,0.4587155963302752,0.5933458814529071,0.4066541185470928,0.01887779634652409,-0.052061477783182375,True,False,1,0,0,0,30.00259419277901,0,622.2760277020832,22.22414384650297,179.0,250.0
758,8755,2023-06-20,Cincinnati Reds,Colorado Rockies,1,-167.0,145.0,0.6254681647940075,0.4081632653061224,0.6123126059382278,0.3876873940617722,-0.013155558855779681,-0.020475871244350186,False,False,0,0,0,0,0.0,0,622.2760277020832,0.0,179.0,250.0
759,5132,2022-05-13,Colorado Rockies,Kansas City Royals,0,-141.0,125.0,0.5850622406639004,0.4444444444444444,0.6034174558863783,0.3965825441136216,0.01835521522247785,-0.047861900330822826,True,False,0,1,0,0,30.00259419277901,0,592.2734335093041,0.0,179.0,251.0
760,6773,2022-09-12,Cleveland Guardians,Los Angeles Angels,1,-135.0,118.0,0.574468085106383,0.4587155963302752,0.6038444912601229,0.3961555087398771,0.02937640615373982,-0.0625600875903981,True,False,1,0,0,0,29.61367167546521,0,614.2094866022413,21.93605309293719,180.0,251.0
761,6848,2022-09-17,Atlanta Braves,Philadelphia Phillies,1,-108.0,-108.0,0.5192307692307693,0.5192307692307693,0.5464325897574235,0.4535674102425765,0.027201820526654208,-0.06566335898819275,True,False,1,0,0,0,29.61367167546521,0,641.6295529684128,27.42006636617149,181.0,251.0
762,8098,2023-05-02,Los Angeles Dodgers,Philadelphia Phillies,1,-160.0,138.0,0.6153846153846154,0.4201680672268907,0.6114390118759679,0.388560988124032,-0.003945603508647477,-0.031607079102858704,False,False,0,0,0,0,0.0,0,641.6295529684128,0.0,181.0,251.0
763,6316,2022-08-09,Arizona Diamondbacks,Pittsburgh Pirates,1,-159.0,135.0,0.6138996138996139,0.425531914893617,0.6058225609994605,0.3941774390005395,-0.00807705290015337,-0.03135447589307755,False,False,0,0,0,0,0.0,0,641.6295529684128,0.0,181.0,251.0
764,8278,2023-05-16,Miami Marlins,Washington Nationals,1,-150.0,130.0,0.6,0.4347826086956521,0.5966331919072889,0.4033668080927111,-0.00336680809271106,-0.031415800602941024,False,False,0,0,0,0,0.0,0,641.6295529684128,0.0,181.0,251.0
765,4864,2022-04-24,Houston Astros,Toronto Blue Jays,1,-130.0,115.0,0.5652173913043478,0.4651162790697674,0.5205841567027647,0.4794158432972352,-0.04463323460158308,0.01429956422746781,False,True,0,1,0,0,32.08147764842064,0,609.5480753199921,0.0,181.0,252.0
766,2913,2021-06-22,Baltimore Orioles,Houston Astros,0,170.0,-196.0,0.3703703703703703,0.6621621621621622,0.4315098956696141,0.5684901043303858,0.061139525299243824,-0.09367205783177635,True,False,0,1,0,0,32.08147764842064,0,577.4665976715714,0.0,181.0,253.0
767,806,2020-08-24,Washington Nationals,Miami Marlins,0,-121.0,110.0,0.5475113122171946,0.4761904761904761,0.6071766427371967,0.3928233572628032,0.05966533052000211,-0.0833671189276729,True,False,0,1,0,0,32.08147764842064,0,545.3851200231508,0.0,181.0,254.0
768,8744,2023-06-19,Houston Astros,New York Mets,0,-125.0,107.5,0.5555555555555556,0.4819277108433735,0.5948291453713683,0.4051708546286316,0.03927358981581275,-0.07675685621474188,True,False,0,1,0,0,32.08147764842064,0,513.3036423747301,0.0,181.0,255.0
769,4149,2021-09-22,Arizona Diamondbacks,Atlanta Braves,0,155.0,-182.0,0.392156862745098,0.6453900709219859,0.4316828398296581,0.5683171601703418,0.03952597708456013,-0.07707291075164402,True,False,0,1,0,0,32.08147764842064,0,481.2221647263095,0.0,181.0,256.0
770,2052,2021-04-20,Cincinnati Reds,Arizona Diamondbacks,0,-135.0,116.0,0.574468085106383,0.4629629629629629,0.5970435390069252,0.4029564609930748,0.022575453900542164,-0.060006501969888104,True,False,0,1,0,0,24.061108236315476,0,457.161056489994,0.0,181.0,257.0
771,7959,2023-04-22,Milwaukee Brewers,Boston Red Sox,1,-130.0,115.0,0.5652173913043478,0.4651162790697674,0.6041085570834632,0.3958914429165368,0.038891165779115444,-0.0692248361532306,True,False,1,0,0,0,24.061108236315476,0,475.66960128715976,18.50854479716575,182.0,257.0
772,3014,2021-06-29,Cincinnati Reds,San Diego Padres,0,137.0,-161.0,0.4219409282700422,0.6168582375478927,0.4343327698141792,0.5656672301858208,0.012391841544136972,-0.05119100736207194,True,False,0,1,0,0,24.061108236315476,0,451.6084930508443,0.0,182.0,258.0
773,704,2020-08-17,Miami Marlins,New York Mets,0,130.0,-143.0,0.4347826086956521,0.588477366255144,0.4772206319677472,0.5227793680322528,0.042438023272095116,-0.06569799822289124,True,False,0,1,0,0,24.061108236315476,0,427.5473848145288,0.0,182.0,259.0
774,5284,2022-05-24,New York Yankees,Baltimore Orioles,1,-256.0,210.0,0.7191011235955056,0.3225806451612903,0.6144994013069742,0.3855005986930257,-0.10460172228853137,0.0629199535317354,False,True,0,1,0,0,24.061108236315476,0,403.48627657821334,0.0,182.0,260.0
775,537,2020-08-05,Seattle Mariners,Los Angeles Angels,1,132.5,-144.0,0.4301075268817204,0.5901639344262295,0.4403029598512348,0.5596970401487652,0.010195432969514417,-0.030466894277464296,True,False,1,0,0,0,20.17431382891067,0,430.21724240151997,26.730965823306637,183.0,260.0
776,8631,2023-06-11,Pittsburgh Pirates,New York Mets,1,-122.0,105.0,0.5495495495495496,0.4878048780487805,0.542168116944893,0.457831883055107,-0.007381432604656624,-0.029972994993673452,False,False,0,0,0,0,0.0,0,430.21724240151997,0.0,183.0,260.0
777,6112,2022-07-25,Seattle Mariners,Texas Rangers,1,-154.0,140.0,0.6062992125984252,0.4166666666666667,0.5976268117062731,0.4023731882937268,-0.008672400892152154,-0.014293478372939872,False,False,0,0,0,0,0.0,0,430.21724240151997,0.0,183.0,260.0
778,6069,2022-07-22,Los Angeles Dodgers,San Francisco Giants,1,-141.0,120.0,0.5850622406639004,0.4545454545454545,0.6061850089371786,0.3938149910628213,0.021122768273278192,-0.06073046348263317,True,False,1,0,0,0,20.17431382891067,0,444.5252663936552,14.308023992135228,184.0,260.0
779,2165,2021-04-28,Toronto Blue Jays,Washington Nationals,0,-175.0,152.5,0.6363636363636364,0.396039603960396,0.6110945959051235,0.3889054040948765,-0.02526904045851286,-0.007134199865519497,False,False,0,0,0,0,0.0,0,444.5252663936552,0.0,184.0,260.0
780,4096,2021-09-18,Los Angeles Angels,Oakland Athletics,0,112.5,-129.0,0.4705882352941176,0.5633187772925764,0.434865375665928,0.565134624334072,-0.03572285962818961,0.0018158470414956218,False,False,0,0,0,0,0.0,0,444.5252663936552,0.0,184.0,260.0
