,id,game_date,home_team,away_team,home_is_winner,home_odds,away_odds,home_implied_prob,away_implied_prob,model_home_win_prob,model_away_win_prob,homediff,awaydiff,betaway,bethome,game_won,game_lost,win,loss,bet_amount,bet_win,bankroll,net_bet_win,total_won_games,total_lost_games
0,7859,2023-04-15,Boston Red Sox,Los Angeles Angels,1,101.0,-111.0,0.4975124378109453,0.5260663507109005,0.4745253777605579,0.5254746222394421,-0.022987060050387365,-0.0005917284714583859,False,False,0,0,0,0,0.0,0,2500.0,0.0,0.0,0.0
1,5556,2022-06-12,Houston Astros,Miami Marlins,1,-227.0,208.0,0.6941896024464832,0.3246753246753247,0.7627549057329742,0.2372450942670257,0.06856530328649102,-0.08743023040829898,True,False,0,1,0,0,125.0,0,2375.0,0.0,0.0,1.0
2,1256,2020-09-23,Boston Red Sox,Baltimore Orioles,1,-161.0,148.0,0.6168582375478927,0.4032258064516129,0.587659429253935,0.4123405707460649,-0.029198808293957712,0.009114764294452016,False,False,0,0,0,0,0.0,0,2375.0,0.0,0.0,1.0
3,5141,2022-05-14,Tampa Bay Rays,Toronto Blue Jays,0,-116.0,106.0,0.5370370370370371,0.4854368932038835,0.5415113871635611,0.4584886128364389,0.004474350126523974,-0.02694828036744462,False,False,0,0,0,0,0.0,0,2375.0,0.0,0.0,1.0
4,1083,2020-09-12,New York Yankees,Baltimore Orioles,1,-169.0,156.0,0.6282527881040892,0.390625,0.587659429253935,0.4123405707460649,-0.04059335885015425,0.021715570746064894,False,True,1,0,0,0,125.0,0,2448.96449704142,73.96449704142012,1.0,1.0
5,6349,2022-08-12,Boston Red Sox,New York Yankees,1,109.0,-119.0,0.4784688995215311,0.54337899543379,0.4522471910112359,0.5477528089887641,-0.026221708510295205,0.004373813554974126,False,False,0,0,0,0,0.0,0,2448.96449704142,0.0,1.0,1.0
6,8760,2023-06-20,Milwaukee Brewers,Arizona Diamondbacks,1,-115.0,105.0,0.5348837209302325,0.4878048780487805,0.5415113871635611,0.4584886128364389,0.006627666233328555,-0.029316265212341597,False,False,0,0,0,0,0.0,0,2448.96449704142,0.0,1.0,1.0
7,4871,2022-04-24,Seattle Mariners,Kansas City Royals,1,-175.0,161.0,0.6363636363636364,0.3831417624521073,0.587659429253935,0.4123405707460649,-0.04870420710970136,0.0291988082939576,False,True,1,0,0,0,122.44822485207101,0,2518.9349112426034,69.97041420118343,2.0,1.0
8,5321,2022-05-27,New York Mets,Philadelphia Phillies,1,-135.0,125.0,0.574468085106383,0.4444444444444444,0.587659429253935,0.4123405707460649,0.013191344147551964,-0.032103873698379526,True,False,0,1,0,0,122.44822485207101,0,2396.4866863905327,0.0,2.0,2.0
9,8701,2023-06-16,Milwaukee Brewers,Pittsburgh Pirates,1,-120.0,110.0,0.5454545454545454,0.4761904761904761,0.5415113871635611,0.4584886128364389,-0.00394315829098435,-0.01770186335403723,False,False,0,0,0,0,0.0,0,2396.4866863905327,0.0,2.0,2.0
10,4791,2022-04-19,Chicago Cubs,Tampa Bay Rays,0,101.0,-111.0,0.4975124378109453,0.5260663507109005,0.4745253777605579,0.5254746222394421,-0.022987060050387365,-0.0005917284714583859,False,False,0,0,0,0,0.0,0,2396.4866863905327,0.0,2.0,2.0
11,799,2020-08-23,Oakland Athletics,Los Angeles Angels,1,-125.0,115.0,0.5555555555555556,0.4651162790697674,0.5415113871635611,0.4584886128364389,-0.014044168391994516,-0.0066276662333285,False,False,0,0,0,0,0.0,0,2396.4866863905327,0.0,2.0,2.0
12,8023,2023-04-27,Chicago Cubs,San Diego Padres,1,120.0,-130.0,0.4545454545454545,0.5652173913043478,0.4187078452254171,0.5812921547745828,-0.03583760932003738,0.016074763470235065,False,True,1,0,0,0,119.82433431952664,0,2540.2758875739646,143.78920118343197,3.0,2.0
13,6947,2022-09-24,Colorado Rockies,San Diego Padres,0,176.0,-192.0,0.3623188405797101,0.6575342465753424,0.3785714285714285,0.6214285714285714,0.016252587991718415,-0.03610567514677099,True,False,1,0,0,0,119.82433431952664,0,2602.6843950320513,62.408507458086795,4.0,2.0
14,1149,2020-09-16,New York Yankees,Toronto Blue Jays,1,-244.0,217.0,0.7093023255813954,0.3154574132492113,0.7627549057329742,0.2372450942670257,0.05345258015157883,-0.07821231898218559,True,False,0,1,0,0,119.82433431952664,0,2482.8600607125245,0.0,4.0,3.0
15,908,2020-08-30,Colorado Rockies,San Diego Padres,0,143.0,-154.0,0.411522633744856,0.6062992125984252,0.4070119387926685,0.5929880612073315,-0.004510694952187477,-0.013311151391093734,False,False,0,0,0,0,0.0,0,2482.8600607125245,0.0,4.0,3.0
16,2314,2021-05-09,New York Mets,Arizona Diamondbacks,1,-294.0,258.0,0.7461928934010152,0.2793296089385474,0.7946708463949843,0.2053291536050157,0.048477952993969065,-0.07400045533353172,True,False,0,1,0,0,124.14300303562624,0,2358.717057676898,0.0,4.0,4.0
17,4787,2022-04-19,New York Mets,San Francisco Giants,1,-120.0,110.0,0.5454545454545454,0.4761904761904761,0.5415113871635611,0.4584886128364389,-0.00394315829098435,-0.01770186335403723,False,False,0,0,0,0,0.0,0,2358.717057676898,0.0,4.0,4.0
18,2675,2021-06-04,Toronto Blue Jays,Houston Astros,0,-128.0,118.0,0.5614035087719298,0.4587155963302752,0.5655193236714976,0.4344806763285024,0.0041158148995678046,-0.024234920001772797,False,False,0,0,0,0,0.0,0,2358.717057676898,0.0,4.0,4.0
19,5783,2022-06-29,Arizona Diamondbacks,San Diego Padres,0,124.0,-133.0,0.4464285714285714,0.5708154506437768,0.4187078452254171,0.5812921547745828,-0.0277207262031543,0.010476704130806036,False,True,0,1,0,0,124.14300303562624,0,2234.5740546412717,0.0,4.0,5.0
20,557,2020-08-07,Pittsburgh Pirates,Detroit Tigers,0,-105.0,-105.0,0.5121951219512195,0.5121951219512195,0.4996574560401918,0.5003425439598082,-0.012537665911027729,-0.011852577991411373,False,False,0,0,0,0,0.0,0,2234.5740546412717,0.0,4.0,5.0
21,8173,2023-05-08,Baltimore Orioles,Tampa Bay Rays,0,156.0,-169.0,0.390625,0.6282527881040892,0.3964856230031949,0.6035143769968051,0.005860623003194898,-0.02473841110728414,False,False,0,0,0,0,0.0,0,2234.5740546412717,0.0,4.0,5.0
22,4916,2022-04-28,Minnesota Twins,Detroit Tigers,1,-135.0,125.0,0.574468085106383,0.4444444444444444,0.587659429253935,0.4123405707460649,0.013191344147551964,-0.032103873698379526,True,False,0,1,0,0,111.7287027320636,0,2122.845351909208,0.0,4.0,6.0
23,638,2020-08-12,Milwaukee Brewers,Minnesota Twins,0,128.0,-137.0,0.4385964912280701,0.5780590717299579,0.4070119387926685,0.5929880612073315,-0.03158455243540159,0.014928989477373644,False,True,0,1,0,0,111.7287027320636,0,2011.1166491771446,0.0,4.0,7.0
24,8683,2023-06-15,Oakland Athletics,Tampa Bay Rays,0,181.0,-197.0,0.3558718861209964,0.6632996632996633,0.3493705428705574,0.6506294571294425,-0.006501343250438996,-0.012670206170220744,False,False,0,0,0,0,0.0,0,2011.1166491771446,0.0,4.0,7.0
25,593,2020-08-09,Kansas City Royals,Minnesota Twins,1,148.0,-161.0,0.4032258064516129,0.6168582375478927,0.4070119387926685,0.5929880612073315,0.003786132341055626,-0.02387017634056121,False,False,0,0,0,0,0.0,0,2011.1166491771446,0.0,4.0,7.0
26,8807,2023-06-24,Cincinnati Reds,Atlanta Braves,0,127.0,-137.0,0.4405286343612334,0.5780590717299579,0.4070119387926685,0.5929880612073315,-0.0335166955685649,0.014928989477373644,False,True,0,1,0,0,100.55583245885724,0,1910.5608167182875,0.0,4.0,8.0
27,3349,2021-07-26,New York Mets,Atlanta Braves,1,-156.0,145.0,0.609375,0.4081632653061224,0.587659429253935,0.4123405707460649,-0.021715570746065005,0.004177305439942491,False,False,0,0,0,0,0.0,0,1910.5608167182875,0.0,4.0,8.0
28,8744,2023-06-19,Houston Astros,New York Mets,0,-119.0,109.0,0.54337899543379,0.4784688995215311,0.5415113871635611,0.4584886128364389,-0.0018676082702289154,-0.01998028668509222,False,False,0,0,0,0,0.0,0,1910.5608167182875,0.0,4.0,8.0
29,6224,2022-08-03,Atlanta Braves,Philadelphia Phillies,0,-132.0,122.0,0.5689655172413793,0.4504504504504504,0.5740623237450648,0.4259376762549351,0.0050968065036854915,-0.024512774195515286,False,False,0,0,0,0,0.0,0,1910.5608167182875,0.0,4.0,8.0
30,3813,2021-08-29,Baltimore Orioles,Tampa Bay Rays,0,216.0,-238.0,0.3164556962025316,0.7041420118343196,0.2457118353344768,0.7542881646655232,-0.07074386086805481,0.050146152831203605,False,True,0,1,0,0,95.52804083591438,0,1815.032775882373,0.0,4.0,9.0
31,6745,2022-09-10,Baltimore Orioles,Boston Red Sox,0,-110.0,100.0,0.5238095238095238,0.5,0.5390752471446396,0.4609247528553604,0.015265723335115777,-0.03907524714463961,True,False,1,0,0,0,95.52804083591438,0,1910.5608167182875,95.52804083591438,5.0,9.0
32,5737,2022-06-25,San Diego Padres,Philadelphia Phillies,0,-110.0,100.0,0.5238095238095238,0.5,0.5390752471446396,0.4609247528553604,0.015265723335115777,-0.03907524714463961,True,False,1,0,0,0,95.52804083591438,0,2006.088857554202,95.52804083591438,6.0,9.0
33,7965,2023-04-23,Baltimore Orioles,Detroit Tigers,1,-166.0,153.0,0.6240601503759399,0.3952569169960474,0.587659429253935,0.4123405707460649,-0.036400721122004875,0.01708365375001747,False,True,1,0,0,0,95.52804083591438,0,2063.6358701059576,57.54701255175566,7.0,9.0
34,1033,2020-09-08,Toronto Blue Jays,New York Yankees,1,-111.0,101.0,0.5260663507109005,0.4975124378109453,0.5390752471446396,0.4609247528553604,0.013008896433739148,-0.0365876849555849,True,False,0,1,0,0,95.52804083591438,0,1968.107829270043,0.0,7.0,10.0
35,2908,2021-06-21,Texas Rangers,Oakland Athletics,1,111.0,-120.0,0.4739336492890995,0.5454545454545454,0.4522471910112359,0.5477528089887641,-0.021686458277863585,0.002298263534218692,False,False,0,0,0,0,0.0,0,1968.107829270043,0.0,7.0,10.0
36,2031,2021-04-18,Milwaukee Brewers,Pittsburgh Pirates,0,-182.0,168.0,0.6453900709219859,0.373134328358209,0.6295681063122891,0.3704318936877108,-0.01582196460969676,-0.0027024346704981883,False,False,0,0,0,0,0.0,0,1968.107829270043,0.0,7.0,10.0
37,7093,2022-10-05,Texas Rangers,New York Yankees,1,125.0,-135.0,0.4444444444444444,0.574468085106383,0.4070119387926685,0.5929880612073315,-0.037432505651775916,0.018519976100948465,False,True,1,0,0,0,98.40539146350216,0,2091.1145685994206,123.0067393293777,8.0,10.0
38,6223,2022-08-03,Tampa Bay Rays,Toronto Blue Jays,1,104.0,-114.0,0.4901960784313725,0.5327102803738317,0.4745253777605579,0.5254746222394421,-0.015670700670814552,-0.007235658134389644,False,False,0,0,0,0,0.0,0,2091.1145685994206,0.0,8.0,10.0
39,3570,2021-08-11,Philadelphia Phillies,Los Angeles Dodgers,0,123.0,-133.0,0.4484304932735426,0.5708154506437768,0.4187078452254171,0.5812921547745828,-0.029722648048125522,0.010476704130806036,False,True,0,1,0,0,98.40539146350216,0,1992.7091771359185,0.0,8.0,11.0
40,6228,2022-08-03,Texas Rangers,Baltimore Orioles,0,-154.0,141.0,0.6062992125984252,0.4149377593360996,0.587659429253935,0.4123405707460649,-0.018639783344490235,-0.002597188590034716,False,False,0,0,0,0,0.0,0,1992.7091771359185,0.0,8.0,11.0
41,995,2020-09-05,Baltimore Orioles,New York Yankees,1,216.0,-238.0,0.3164556962025316,0.7041420118343196,0.2457118353344768,0.7542881646655232,-0.07074386086805481,0.050146152831203605,False,True,1,0,0,0,99.63545885679594,0,2207.9217682665976,215.21259113067924,9.0,11.0
42,4777,2022-04-18,Colorado Rockies,Philadelphia Phillies,1,146.0,-159.0,0.4065040650406504,0.6138996138996139,0.4070119387926685,0.5929880612073315,0.0005078737520181065,-0.020911552692282398,False,False,0,0,0,0,0.0,0,2207.9217682665976,0.0,9.0,11.0
43,8153,2023-05-06,San Diego Padres,Los Angeles Dodgers,0,-111.0,101.0,0.5260663507109005,0.4975124378109453,0.5390752471446396,0.4609247528553604,0.013008896433739148,-0.0365876849555849,True,False,1,0,0,0,99.63545885679594,0,2308.5535817119617,100.63181344536389,10.0,11.0
44,5992,2022-07-14,Colorado Rockies,San Diego Padres,1,120.0,-130.0,0.4545454545454545,0.5652173913043478,0.4187078452254171,0.5812921547745828,-0.03583760932003738,0.016074763470235065,False,True,1,0,0,0,99.63545885679594,0,2428.1161323401166,119.56255062815512,11.0,11.0
45,2181,2021-04-29,Milwaukee Brewers,Los Angeles Dodgers,1,184.0,-200.0,0.352112676056338,0.6666666666666666,0.3106469002695418,0.6893530997304582,-0.04146577578679622,0.02268643306379159,False,True,1,0,0,0,121.40580661700584,0,2651.502816515407,223.38668417529075,12.0,11.0
46,8599,2023-06-09,Tampa Bay Rays,Texas Rangers,1,-161.0,148.0,0.6168582375478927,0.4032258064516129,0.587659429253935,0.4123405707460649,-0.029198808293957712,0.009114764294452016,False,False,0,0,0,0,0.0,0,2651.502816515407,0.0,12.0,11.0
47,6290,2022-08-07,Chicago Cubs,Miami Marlins,0,-110.0,100.0,0.5238095238095238,0.5,0.5390752471446396,0.4609247528553604,0.015265723335115777,-0.03907524714463961,True,False,1,0,0,0,121.40580661700584,0,2772.908623132413,121.40580661700584,13.0,11.0
48,8270,2023-05-15,Houston Astros,Chicago Cubs,1,-185.0,170.0,0.6491228070175439,0.3703703703703703,0.6295681063122924,0.3704318936877076,-0.01955470070525145,6.152331733733085e-05,False,False,0,0,0,0,0.0,0,2772.908623132413,0.0,13.0,11.0
49,5308,2022-05-26,Cincinnati Reds,Chicago Cubs,1,112.0,-122.0,0.4716981132075472,0.5495495495495496,0.4522471910112359,0.5477528089887641,-0.019450922196311282,-0.0017967405607854925,False,False,0,0,0,0,0.0,0,2772.908623132413,0.0,13.0,11.0
50,7002,2022-09-29,Chicago Cubs,Philadelphia Phillies,1,170.0,-185.0,0.3703703703703703,0.6491228070175439,0.3964856230031942,0.6035143769968059,0.026115252632823882,-0.045608430020738,True,False,0,1,0,0,138.64543115662067,0,2634.2631919757923,0.0,13.0,12.0
51,629,2020-08-12,Colorado Rockies,Arizona Diamondbacks,0,-103.0,-106.0,0.5073891625615764,0.5145631067961165,0.4996574560401918,0.5003425439598082,-0.007731706521384607,-0.014220562836308348,False,False,0,0,0,0,0.0,0,2634.2631919757923,0.0,13.0,12.0
52,4998,2022-05-04,New York Mets,Atlanta Braves,0,-132.0,122.0,0.5689655172413793,0.4504504504504504,0.5740623237450648,0.4259376762549351,0.0050968065036854915,-0.024512774195515286,False,False,0,0,0,0,0.0,0,2634.2631919757923,0.0,13.0,12.0
53,5830,2022-07-02,Chicago Cubs,Boston Red Sox,1,135.0,-145.0,0.425531914893617,0.5918367346938775,0.4070119387926685,0.5929880612073315,-0.01851997610094852,0.001151326513453954,False,False,0,0,0,0,0.0,0,2634.2631919757923,0.0,13.0,12.0
54,2833,2021-06-16,Kansas City Royals,Detroit Tigers,0,-143.0,131.0,0.588477366255144,0.4329004329004329,0.587659429253935,0.4123405707460649,-0.0008179370012090237,-0.020559862154368003,False,False,0,0,0,0,0.0,0,2634.2631919757923,0.0,13.0,12.0
55,8572,2023-06-07,San Diego Padres,Seattle Mariners,1,-112.0,102.0,0.5283018867924528,0.495049504950495,0.5390752471446396,0.4609247528553604,0.01077336035218679,-0.0341247520951346,True,False,0,1,0,0,131.71315959878962,0,2502.550032377003,0.0,13.0,13.0
56,5377,2022-05-30,Los Angeles Dodgers,Pittsburgh Pirates,0,-312.0,275.0,0.7572815533980582,0.2666666666666666,0.7946708463949843,0.2053291536050157,0.03738929299692606,-0.06133751306165092,True,False,1,0,0,0,131.71315959878962,0,2864.7612212736744,362.21118889667144,14.0,13.0
57,5685,2022-06-22,Texas Rangers,Philadelphia Phillies,1,121.0,-132.0,0.4524886877828054,0.5689655172413793,0.4187078452254171,0.5812921547745828,-0.03378084255738828,0.01232663753320351,False,True,1,0,0,0,131.71315959878962,0,3024.1341443882097,159.37292311453544,15.0,13.0
58,6567,2022-08-28,Miami Marlins,Los Angeles Dodgers,0,237.0,-263.0,0.2967359050445103,0.7245179063360881,0.2386363636363636,0.7613636363636364,-0.058099541408146715,0.03684573002754821,False,True,0,1,0,0,131.71315959878962,0,2892.42098478942,0.0,15.0,14.0
59,8746,2023-06-19,Milwaukee Brewers,Arizona Diamondbacks,0,-123.0,113.0,0.5515695067264574,0.4694835680751174,0.5415113871635611,0.4584886128364389,-0.010058119562896373,-0.010994955238678494,False,False,0,0,0,0,0.0,0,2892.42098478942,0.0,15.0,14.0
60,3809,2021-08-28,Atlanta Braves,San Francisco Giants,0,-114.0,104.0,0.5327102803738317,0.4901960784313725,0.5390752471446396,0.4609247528553604,0.006364966770807889,-0.029271325576012086,False,False,0,0,0,0,0.0,0,2892.42098478942,0.0,15.0,14.0
61,5799,2022-06-30,Los Angeles Dodgers,San Diego Padres,1,-120.0,110.0,0.5454545454545454,0.4761904761904761,0.5415113871635611,0.4584886128364389,-0.00394315829098435,-0.01770186335403723,False,False,0,0,0,0,0.0,0,2892.42098478942,0.0,15.0,14.0
62,3419,2021-07-31,Tampa Bay Rays,Boston Red Sox,1,-108.0,-102.0,0.5192307692307693,0.504950495049505,0.5390752471446396,0.4609247528553604,0.01984447791387034,-0.04402574219414457,True,False,0,1,0,0,144.621049239471,0,2747.7999355499487,0.0,15.0,15.0
63,3955,2021-09-08,Miami Marlins,New York Mets,1,102.0,-112.0,0.495049504950495,0.5283018867924528,0.4745253777605579,0.5254746222394421,-0.02052412718993707,-0.0028272645530107443,False,False,0,0,0,0,0.0,0,2747.7999355499487,0.0,15.0,15.0
64,6001,2022-07-14,Texas Rangers,Seattle Mariners,0,-118.0,108.0,0.5412844036697247,0.4807692307692308,0.5415113871635611,0.4584886128364389,0.0002269834938363191,-0.022280617932791902,False,False,0,0,0,0,0.0,0,2747.7999355499487,0.0,15.0,15.0
65,4950,2022-04-30,Milwaukee Brewers,Chicago Cubs,1,-164.0,150.0,0.6212121212121212,0.4,0.587659429253935,0.4123405707460649,-0.03355269195818622,0.012340570746064872,False,True,1,0,0,0,137.38999677749743,0,2831.5743238289106,83.77438827896185,16.0,15.0
66,8558,2023-06-06,Miami Marlins,Kansas City Royals,1,-151.0,139.0,0.601593625498008,0.4184100418410041,0.587659429253935,0.4123405707460649,-0.013934196244072994,-0.006069471094939216,False,False,0,0,0,0,0.0,0,2831.5743238289106,0.0,16.0,15.0
67,8053,2023-04-29,Boston Red Sox,Cleveland Guardians,1,-128.0,118.0,0.5614035087719298,0.4587155963302752,0.5655193236714976,0.4344806763285024,0.0041158148995678046,-0.024234920001772797,False,False,0,0,0,0,0.0,0,2831.5743238289106,0.0,16.0,15.0
68,7848,2023-04-14,San Diego Padres,Milwaukee Brewers,0,-155.0,143.0,0.6078431372549019,0.411522633744856,0.587659429253935,0.4123405707460649,-0.020183708000966916,0.0008179370012089127,False,False,0,0,0,0,0.0,0,2831.5743238289106,0.0,16.0,15.0
69,567,2020-08-07,Los Angeles Dodgers,San Francisco Giants,1,-244.0,220.0,0.7093023255813954,0.3125,0.7627549057329742,0.2372450942670257,0.05345258015157883,-0.0752549057329743,True,False,0,1,0,0,137.38999677749743,0,2694.184327051413,0.0,16.0,16.0
70,6689,2022-09-06,Philadelphia Phillies,Miami Marlins,1,-217.0,200.0,0.6845425867507886,0.3333333333333333,0.7627549057329742,0.2372450942670257,0.07821231898218561,-0.09608823906630762,True,False,0,1,0,0,134.70921635257068,0,2559.4751106988424,0.0,16.0,17.0
71,8492,2023-05-31,Houston Astros,Minnesota Twins,0,-172.0,158.0,0.6323529411764706,0.3875968992248062,0.587659429253935,0.4123405707460649,-0.04469351192253557,0.02474367152125867,False,True,0,1,0,0,134.70921635257068,0,2424.7658943462716,0.0,16.0,18.0
72,2218,2021-05-02,Cincinnati Reds,Chicago Cubs,1,-141.0,130.0,0.5850622406639004,0.4347826086956521,0.587659429253935,0.4123405707460649,0.0025971885900345493,-0.022442037949587212,False,False,0,0,0,0,0.0,0,2424.7658943462716,0.0,16.0,18.0
73,6392,2022-08-15,Washington Nationals,Chicago Cubs,1,131.0,-143.0,0.4329004329004329,0.588477366255144,0.4070119387926685,0.5929880612073315,-0.025888494107764393,0.004510694952187477,False,False,0,0,0,0,0.0,0,2424.7658943462716,0.0,16.0,18.0
74,1048,2020-09-09,Atlanta Braves,Miami Marlins,1,-141.0,130.0,0.5850622406639004,0.4347826086956521,0.587659429253935,0.4123405707460649,0.0025971885900345493,-0.022442037949587212,False,False,0,0,0,0,0.0,0,2424.7658943462716,0.0,16.0,18.0
75,5432,2022-06-03,Kansas City Royals,Houston Astros,0,113.0,-123.0,0.4694835680751174,0.5515695067264574,0.4522471910112359,0.5477528089887641,-0.01723637706388148,-0.003816697737693331,False,False,0,0,0,0,0.0,0,2424.7658943462716,0.0,16.0,18.0
76,1037,2020-09-08,Detroit Tigers,Milwaukee Brewers,1,121.0,-132.0,0.4524886877828054,0.5689655172413793,0.4187078452254171,0.5812921547745828,-0.03378084255738828,0.01232663753320351,False,True,1,0,0,0,121.23829471731358,0,2571.464230954221,146.69833660794941,17.0,18.0
77,6336,2022-08-11,Detroit Tigers,Cleveland Guardians,0,152.0,-164.0,0.3968253968253968,0.6212121212121212,0.3964856230031949,0.6035143769968051,-0.00033977382220190533,-0.017697744215316114,False,False,0,0,0,0,0.0,0,2571.464230954221,0.0,17.0,18.0
78,3808,2021-08-28,Minnesota Twins,Milwaukee Brewers,1,135.0,-145.0,0.425531914893617,0.5918367346938775,0.4070119387926685,0.5929880612073315,-0.01851997610094852,0.001151326513453954,False,False,0,0,0,0,0.0,0,2571.464230954221,0.0,17.0,18.0
79,8157,2023-05-07,Pittsburgh Pirates,Toronto Blue Jays,0,116.0,-126.0,0.4629629629629629,0.5575221238938053,0.4296316904189252,0.5703683095810748,-0.03333127254403773,0.012846185687269474,False,True,0,1,0,0,121.23829471731358,0,2450.2259362369073,0.0,17.0,19.0
80,2926,2021-06-22,Seattle Mariners,Colorado Rockies,1,-161.0,148.0,0.6168582375478927,0.4032258064516129,0.587659429253935,0.4123405707460649,-0.029198808293957712,0.009114764294452016,False,False,0,0,0,0,0.0,0,2450.2259362369073,0.0,17.0,19.0
81,6611,2022-08-31,Washington Nationals,Oakland Athletics,1,104.0,-114.0,0.4901960784313725,0.5327102803738317,0.4745253777605579,0.5254746222394421,-0.015670700670814552,-0.007235658134389644,False,False,0,0,0,0,0.0,0,2450.2259362369073,0.0,17.0,19.0
82,2094,2021-04-23,Atlanta Braves,Arizona Diamondbacks,1,-169.0,156.0,0.6282527881040892,0.390625,0.587659429253935,0.4123405707460649,-0.04059335885015425,0.021715570746064894,False,True,1,0,0,0,122.51129681184537,0,2522.7178278415495,72.49189160464223,18.0,19.0
83,6672,2022-09-04,Arizona Diamondbacks,Milwaukee Brewers,1,-147.0,137.0,0.5951417004048583,0.4219409282700422,0.587659429253935,0.4123405707460649,-0.007482271150923259,-0.00960035752397731,False,False,0,0,0,0,0.0,0,2522.7178278415495,0.0,18.0,19.0
84,8087,2023-05-02,Washington Nationals,Chicago Cubs,1,129.0,-139.0,0.4366812227074236,0.5815899581589958,0.4070119387926685,0.5929880612073315,-0.029669283914755096,0.011398103048335662,False,True,1,0,0,0,122.51129681184537,0,2680.75740072883,158.03957288728054,19.0,19.0
85,5553,2022-06-12,Kansas City Royals,Baltimore Orioles,0,-130.0,119.0,0.5652173913043478,0.45662100456621,0.5655193236714976,0.4344806763285024,0.0003019323671498153,-0.022140328237707618,False,False,0,0,0,0,0.0,0,2680.75740072883,0.0,19.0,19.0
86,2480,2021-05-21,Kansas City Royals,Detroit Tigers,0,-154.0,143.0,0.6062992125984252,0.411522633744856,0.587659429253935,0.4123405707460649,-0.018639783344490235,0.0008179370012089127,False,False,0,0,0,0,0.0,0,2680.75740072883,0.0,19.0,19.0
87,776,2020-08-22,Pittsburgh Pirates,Milwaukee Brewers,1,147.0,-159.0,0.4048582995951417,0.6138996138996139,0.4070119387926685,0.5929880612073315,0.002153639197526813,-0.020911552692282398,False,False,0,0,0,0,0.0,0,2680.75740072883,0.0,19.0,19.0
88,8731,2023-06-18,Milwaukee Brewers,Pittsburgh Pirates,1,-159.0,147.0,0.6138996138996139,0.4048582995951417,0.587659429253935,0.4123405707460649,-0.0262401846456789,0.007482271150923203,False,False,0,0,0,0,0.0,0,2680.75740072883,0.0,19.0,19.0
89,6466,2022-08-20,Pittsburgh Pirates,Cincinnati Reds,0,-139.0,129.0,0.5815899581589958,0.4366812227074236,0.587659429253935,0.4123405707460649,0.006069471094939161,-0.024340651961358706,False,False,0,0,0,0,0.0,0,2680.75740072883,0.0,19.0,19.0
90,739,2020-08-19,Colorado Rockies,Houston Astros,0,145.0,-156.0,0.4081632653061224,0.609375,0.4070119387926685,0.5929880612073315,-0.0011513265134538986,-0.016386938792668504,False,False,0,0,0,0,0.0,0,2680.75740072883,0.0,19.0,19.0
91,2593,2021-05-29,Oakland Athletics,Los Angeles Angels,0,-145.0,134.0,0.5918367346938775,0.4273504273504273,0.587659429253935,0.4123405707460649,-0.004177305439942547,-0.015009856604362382,False,False,0,0,0,0,0.0,0,2680.75740072883,0.0,19.0,19.0
92,7957,2023-04-22,Baltimore Orioles,Detroit Tigers,1,-175.0,161.0,0.6363636363636364,0.3831417624521073,0.587659429253935,0.4123405707460649,-0.04870420710970136,0.0291988082939576,False,True,1,0,0,0,134.0378700364415,0,2757.350469321082,76.59306859225228,20.0,19.0
93,8448,2023-05-28,Chicago Cubs,Cincinnati Reds,0,-152.0,140.0,0.6031746031746031,0.4166666666666667,0.587659429253935,0.4123405707460649,-0.015515173920668146,-0.004326095920601791,False,False,0,0,0,0,0.0,0,2757.350469321082,0.0,20.0,19.0
94,5077,2022-05-09,San Diego Padres,Chicago Cubs,0,-152.0,140.0,0.6031746031746031,0.4166666666666667,0.587659429253935,0.4123405707460649,-0.015515173920668146,-0.004326095920601791,False,False,0,0,0,0,0.0,0,2757.350469321082,0.0,20.0,19.0
95,8908,2023-07-01,Los Angeles Angels,Arizona Diamondbacks,0,-120.0,110.0,0.5454545454545454,0.4761904761904761,0.5415113871635611,0.4584886128364389,-0.00394315829098435,-0.01770186335403723,False,False,0,0,0,0,0.0,0,2757.350469321082,0.0,20.0,19.0
96,2489,2021-05-22,Texas Rangers,Houston Astros,1,169.0,-185.0,0.3717472118959107,0.6491228070175439,0.3964856230031949,0.6035143769968051,0.024738411107284197,-0.04560843002073878,True,False,0,1,0,0,137.8675234660541,0,2619.482945855028,0.0,20.0,20.0
97,8535,2023-06-04,Washington Nationals,Philadelphia Phillies,0,139.0,-151.0,0.4184100418410041,0.601593625498008,0.4070119387926685,0.5929880612073315,-0.011398103048335606,-0.008605564290676493,False,False,0,0,0,0,0.0,0,2619.482945855028,0.0,20.0,20.0
98,599,2020-08-09,Los Angeles Dodgers,San Francisco Giants,1,-286.0,253.0,0.7409326424870466,0.28328611898017,0.7946708463949843,0.2053291536050157,0.05373820390793771,-0.07795696537515429,True,False,0,1,0,0,137.8675234660541,0,2481.615422388974,0.0,20.0,21.0
99,7971,2023-04-23,Minnesota Twins,Washington Nationals,1,-257.0,230.0,0.7198879551820728,0.303030303030303,0.7631873890520791,0.2368126109479209,0.04329943387000623,-0.0662176920823821,True,False,0,1,0,0,137.8675234660541,0,2343.74789892292,0.0,20.0,22.0
100,3365,2021-07-27,Minnesota Twins,Detroit Tigers,0,-196.0,179.0,0.6621621621621622,0.3584229390681003,0.6605985512771635,0.3394014487228364,-0.0015636108849986785,-0.019021490345263903,False,False,0,0,0,0,0.0,0,2343.74789892292,0.0,20.0,22.0
101,615,2020-08-11,Philadelphia Phillies,Baltimore Orioles,0,-175.0,161.0,0.6363636363636364,0.3831417624521073,0.587659429253935,0.4123405707460649,-0.04870420710970136,0.0291988082939576,False,True,0,1,0,0,117.187394946146,0,2226.560503976774,0.0,20.0,23.0
102,6676,2022-09-05,New York Yankees,Minnesota Twins,1,-164.0,150.0,0.6212121212121212,0.4,0.587659429253935,0.4123405707460649,-0.03355269195818622,0.012340570746064872,False,True,1,0,0,0,117.187394946146,0,2298.0162326024724,71.45572862569878,21.0,23.0
103,4817,2022-04-21,New York Mets,San Francisco Giants,1,-130.0,119.0,0.5652173913043478,0.45662100456621,0.5655193236714976,0.4344806763285024,0.0003019323671498153,-0.022140328237707618,False,False,0,0,0,0,0.0,0,2298.0162326024724,0.0,21.0,23.0
104,5202,2022-05-18,Los Angeles Dodgers,Arizona Diamondbacks,1,-270.0,241.0,0.7297297297297297,0.2932551319648094,0.7679841897233202,0.2320158102766798,0.03825445999359045,-0.061239321688129594,True,False,0,1,0,0,117.187394946146,0,2180.8288376563264,0.0,21.0,24.0
105,3718,2021-08-21,San Diego Padres,Philadelphia Phillies,1,-156.0,145.0,0.609375,0.4081632653061224,0.587659429253935,0.4123405707460649,-0.021715570746065005,0.004177305439942491,False,False,0,0,0,0,0.0,0,2180.8288376563264,0.0,21.0,24.0
106,4951,2022-04-30,Colorado Rockies,Cincinnati Reds,1,-145.0,134.0,0.5918367346938775,0.4273504273504273,0.587659429253935,0.4123405707460649,-0.004177305439942547,-0.015009856604362382,False,False,0,0,0,0,0.0,0,2180.8288376563264,0.0,21.0,24.0
107,3170,2021-07-10,Texas Rangers,Oakland Athletics,0,127.0,-137.0,0.4405286343612334,0.5780590717299579,0.4070119387926685,0.5929880612073315,-0.0335166955685649,0.014928989477373644,False,True,0,1,0,0,109.04144188281633,0,2071.78739577351,0.0,21.0,25.0
108,2000,2021-04-16,Oakland Athletics,Detroit Tigers,1,-169.0,157.0,0.6282527881040892,0.3891050583657587,0.587659429253935,0.4123405707460649,-0.04059335885015425,0.02323551238030619,False,True,1,0,0,0,109.04144188281633,0,2136.30895901778,64.52156324427003,22.0,25.0
109,6750,2022-09-10,Minnesota Twins,Cleveland Guardians,0,110.0,-120.0,0.4761904761904761,0.5454545454545454,0.4522471910112359,0.5477528089887641,-0.023943285179240215,0.002298263534218692,False,False,0,0,0,0,0.0,0,2136.30895901778,0.0,22.0,25.0
110,6494,2022-08-22,Minnesota Twins,Texas Rangers,0,-200.0,184.0,0.6666666666666666,0.352112676056338,0.6605985512771635,0.3394014487228364,-0.006068115389503137,-0.012711227333501607,False,False,0,0,0,0,0.0,0,2136.30895901778,0.0,22.0,25.0
111,8422,2023-05-26,Arizona Diamondbacks,Boston Red Sox,0,133.0,-144.0,0.4291845493562232,0.5901639344262295,0.4070119387926685,0.5929880612073315,-0.022172610563554684,0.0028241267811019988,False,False,0,0,0,0,0.0,0,2136.30895901778,0.0,22.0,25.0
112,7899,2023-04-18,Miami Marlins,San Francisco Giants,1,105.0,-115.0,0.4878048780487805,0.5348837209302325,0.4745253777605579,0.5254746222394421,-0.013279500288222557,-0.00940909869079043,False,False,0,0,0,0,0.0,0,2136.30895901778,0.0,22.0,25.0
113,6478,2022-08-21,Detroit Tigers,Los Angeles Angels,1,188.0,-204.0,0.3472222222222222,0.6710526315789473,0.3106469002695418,0.6893530997304582,-0.03657532195268043,0.018300468151510874,False,True,1,0,0,0,106.81544795088901,0,2337.1220011654514,200.81304214767133,23.0,25.0
114,6033,2022-07-16,San Diego Padres,Arizona Diamondbacks,1,-179.0,164.0,0.6415770609318996,0.3787878787878788,0.587659429253935,0.4123405707460649,-0.053917631677964595,0.03355269195818611,False,True,1,0,0,0,106.81544795088901,0,2396.7954357748868,59.6734346094352,24.0,25.0
115,5373,2022-05-30,Boston Red Sox,Baltimore Orioles,0,-164.0,150.0,0.6212121212121212,0.4,0.587659429253935,0.4123405707460649,-0.03355269195818622,0.012340570746064872,False,True,0,1,0,0,119.83977178874434,0,2276.9556639861426,0.0,24.0,26.0
116,5997,2022-07-14,Tampa Bay Rays,Boston Red Sox,1,-125.0,115.0,0.5555555555555556,0.4651162790697674,0.5415113871635611,0.4584886128364389,-0.014044168391994516,-0.0066276662333285,False,False,0,0,0,0,0.0,0,2276.9556639861426,0.0,24.0,26.0
117,6379,2022-08-14,Kansas City Royals,Los Angeles Dodgers,1,230.0,-256.0,0.303030303030303,0.7191011235955056,0.2386363636363636,0.7613636363636364,-0.06439393939393939,0.042262512768130756,False,True,1,0,0,0,119.83977178874434,0,2552.5871391002547,275.631475114112,25.0,26.0
118,8811,2023-06-24,Los Angeles Dodgers,Houston Astros,1,-171.0,157.0,0.6309963099630996,0.3891050583657587,0.587659429253935,0.4123405707460649,-0.04333688070916464,0.02323551238030619,False,True,1,0,0,0,119.83977178874434,0,2622.6688769884095,70.08173788815458,26.0,26.0
119,7042,2022-10-02,Washington Nationals,Philadelphia Phillies,0,208.0,-230.0,0.3246753246753247,0.696969696969697,0.2457118353344768,0.7542881646655232,-0.07896348934084788,0.05731846769582616,False,True,0,1,0,0,119.83977178874434,0,2502.8291051996653,0.0,26.0,27.0
120,1311,2020-09-27,New York Yankees,Miami Marlins,0,-169.0,155.0,0.6282527881040892,0.392156862745098,0.587659429253935,0.4123405707460649,-0.04059335885015425,0.020183708000966916,False,True,0,1,0,0,125.14145525998327,0,2377.687649939682,0.0,26.0,28.0
121,2746,2021-06-09,Minnesota Twins,New York Yankees,0,160.0,-175.0,0.3846153846153846,0.6363636363636364,0.3964856230031949,0.6035143769968051,0.011870238387810317,-0.03284925936683125,True,False,1,0,0,0,125.14145525998327,0,2449.197052945387,71.50940300570473,27.0,28.0
122,6046,2022-07-17,San Diego Padres,Arizona Diamondbacks,0,-149.0,138.0,0.5983935742971888,0.4201680672268907,0.587659429253935,0.4123405707460649,-0.010734145043253762,-0.007827496480825813,False,False,0,0,0,0,0.0,0,2449.197052945387,0.0,27.0,28.0
123,8082,2023-05-01,Houston Astros,San Francisco Giants,1,-186.0,171.0,0.6503496503496503,0.3690036900369003,0.6295681063122924,0.3704318936877076,-0.02078154403735788,0.0014282036508073137,False,False,0,0,0,0,0.0,0,2449.197052945387,0.0,27.0,28.0
124,2924,2021-06-22,Arizona Diamondbacks,Milwaukee Brewers,0,135.0,-145.0,0.425531914893617,0.5918367346938775,0.4070119387926685,0.5929880612073315,-0.01851997610094852,0.001151326513453954,False,False,0,0,0,0,0.0,0,2449.197052945387,0.0,27.0,28.0
125,5278,2022-05-23,San Diego Padres,Milwaukee Brewers,1,-108.0,-102.0,0.5192307692307693,0.504950495049505,0.5390752471446396,0.4609247528553604,0.01984447791387034,-0.04402574219414457,True,False,0,1,0,0,122.45985264726936,0,2326.737200298118,0.0,27.0,29.0
126,4881,2022-04-26,Cincinnati Reds,San Diego Padres,0,153.0,-167.0,0.3952569169960474,0.6254681647940075,0.3964856230031949,0.6035143769968051,0.0012287060071474731,-0.021953787797202362,False,False,0,0,0,0,0.0,0,2326.737200298118,0.0,27.0,29.0
127,6470,2022-08-20,Colorado Rockies,San Francisco Giants,1,155.0,-169.0,0.392156862745098,0.6282527881040892,0.3964856230031949,0.6035143769968051,0.00432876025809692,-0.02473841110728414,False,False,0,0,0,0,0.0,0,2326.737200298118,0.0,27.0,29.0
128,8167,2023-05-07,Arizona Diamondbacks,Washington Nationals,0,-157.0,145.0,0.6108949416342413,0.4081632653061224,0.587659429253935,0.4123405707460649,-0.0232355123803063,0.004177305439942491,False,False,0,0,0,0,0.0,0,2326.737200298118,0.0,27.0,29.0
129,8032,2023-04-28,Miami Marlins,Chicago Cubs,1,106.0,-116.0,0.4854368932038835,0.5370370370370371,0.4522471910112359,0.5477528089887641,-0.03318970219264761,0.010715771951727016,False,True,1,0,0,0,122.45985264726936,0,2456.544644104223,129.80744380610554,28.0,29.0
130,1051,2020-09-09,Chicago Cubs,Cincinnati Reds,0,-145.0,135.0,0.5918367346938775,0.425531914893617,0.587659429253935,0.4123405707460649,-0.004177305439942547,-0.013191344147552131,False,False,0,0,0,0,0.0,0,2456.544644104223,0.0,28.0,29.0
131,6195,2022-07-31,San Diego Padres,Minnesota Twins,1,-147.0,136.0,0.5951417004048583,0.423728813559322,0.587659429253935,0.4123405707460649,-0.007482271150923259,-0.011388242813257121,False,False,0,0,0,0,0.0,0,2456.544644104223,0.0,28.0,29.0
132,2910,2021-06-21,Arizona Diamondbacks,Milwaukee Brewers,1,106.0,-116.0,0.4854368932038835,0.5370370370370371,0.4522471910112359,0.5477528089887641,-0.03318970219264761,0.010715771951727016,False,True,1,0,0,0,122.82723220521116,0,2586.741510241747,130.19686613752384,29.0,29.0
133,453,2020-07-31,Atlanta Braves,New York Mets,1,-125.0,115.0,0.5555555555555556,0.4651162790697674,0.5415113871635611,0.4584886128364389,-0.014044168391994516,-0.0066276662333285,False,False,0,0,0,0,0.0,0,2586.741510241747,0.0,29.0,29.0
134,1202,2020-09-19,Los Angeles Angels,Texas Rangers,1,-154.0,142.0,0.6062992125984252,0.4132231404958678,0.587659429253935,0.4123405707460649,-0.018639783344490235,-0.0008825697498028862,False,False,0,0,0,0,0.0,0,2586.741510241747,0.0,29.0,29.0
135,8427,2023-05-27,Minnesota Twins,Toronto Blue Jays,1,-110.0,100.0,0.5238095238095238,0.5,0.5390752471446396,0.4609247528553604,0.015265723335115777,-0.03907524714463961,True,False,0,1,0,0,129.33707551208735,0,2457.40443472966,0.0,29.0,30.0
136,1198,2020-09-19,Baltimore Orioles,Tampa Bay Rays,0,163.0,-179.0,0.3802281368821292,0.6415770609318996,0.3964856230031949,0.6035143769968051,0.0162574861210657,-0.03806268393509449,True,False,1,0,0,0,129.33707551208735,0,2529.6597841777534,72.25534944809348,30.0,30.0
137,5946,2022-07-10,San Diego Padres,San Francisco Giants,0,-116.0,106.0,0.5370370370370371,0.4854368932038835,0.5415113871635611,0.4584886128364389,0.004474350126523974,-0.02694828036744462,False,False,0,0,0,0,0.0,0,2529.6597841777534,0.0,30.0,30.0
138,5562,2022-06-13,Washington Nationals,Atlanta Braves,0,139.0,-152.0,0.4184100418410041,0.6031746031746031,0.4070119387926685,0.5929880612073315,-0.011398103048335606,-0.010186541967271645,False,False,0,0,0,0,0.0,0,2529.6597841777534,0.0,30.0,30.0
139,5625,2022-06-17,Arizona Diamondbacks,Minnesota Twins,1,124.0,-133.0,0.4464285714285714,0.5708154506437768,0.4187078452254171,0.5812921547745828,-0.0277207262031543,0.010476704130806036,False,True,1,0,0,0,129.33707551208735,0,2690.037757812742,160.3779736349883,31.0,30.0
140,2890,2021-06-20,Baltimore Orioles,Toronto Blue Jays,0,173.0,-189.0,0.3663003663003663,0.6539792387543253,0.3785714285714285,0.6214285714285714,0.012271062271062227,-0.032550667325753846,True,False,1,0,0,0,134.5018878906371,0,2761.202777860698,71.16502004795613,32.0,30.0
141,8458,2023-05-29,Chicago Cubs,Tampa Bay Rays,1,116.0,-126.0,0.4629629629629629,0.5575221238938053,0.4296316904189252,0.5703683095810748,-0.03333127254403773,0.012846185687269474,False,True,1,0,0,0,134.5018878906371,0,2917.224967813837,156.02218995313905,33.0,30.0
142,3317,2021-07-23,Seattle Mariners,Oakland Athletics,1,100.0,-110.0,0.5,0.5238095238095238,0.4996574560401911,0.5003425439598089,-0.0003425439598089275,-0.02346697984971491,False,False,0,0,0,0,0.0,0,2917.224967813837,0.0,33.0,30.0
143,8403,2023-05-25,Washington Nationals,San Diego Padres,0,157.0,-171.0,0.3891050583657587,0.6309963099630996,0.3964856230031949,0.6035143769968051,0.007380564637436193,-0.02748193296629453,False,False,0,0,0,0,0.0,0,2917.224967813837,0.0,33.0,30.0
144,5613,2022-06-17,Washington Nationals,Philadelphia Phillies,0,193.0,-213.0,0.3412969283276451,0.6805111821086262,0.2457118353344768,0.7542881646655232,-0.09558509299316828,0.07377698255689702,False,True,0,1,0,0,134.5018878906371,0,2782.7230799231997,0.0,33.0,31.0
145,2297,2021-05-08,New York Yankees,Washington Nationals,1,-116.0,106.0,0.5370370370370371,0.4854368932038835,0.5415113871635611,0.4584886128364389,0.004474350126523974,-0.02694828036744462,False,False,0,0,0,0,0.0,0,2782.7230799231997,0.0,33.0,31.0
146,4806,2022-04-20,San Diego Padres,Cincinnati Reds,1,-185.0,170.0,0.6491228070175439,0.3703703703703703,0.6295681063122924,0.3704318936877076,-0.01955470070525145,6.152331733733085e-05,False,False,0,0,0,0,0.0,0,2782.7230799231997,0.0,33.0,31.0
147,7937,2023-04-21,Philadelphia Phillies,Colorado Rockies,1,-280.0,249.0,0.7368421052631579,0.2865329512893982,0.7922077922077921,0.2077922077922078,0.055365686944634285,-0.0787407434971904,True,False,0,1,0,0,139.13615399616,0,2643.58692592704,0.0,33.0,32.0
148,2095,2021-04-23,Houston Astros,Los Angeles Angels,1,-139.0,129.0,0.5815899581589958,0.4366812227074236,0.587659429253935,0.4123405707460649,0.006069471094939161,-0.024340651961358706,False,False,0,0,0,0,0.0,0,2643.58692592704,0.0,33.0,32.0
149,4142,2021-09-22,New York Yankees,Texas Rangers,1,-263.0,235.0,0.7245179063360881,0.2985074626865671,0.7679841897233202,0.2320158102766798,0.04346628338723202,-0.06649165240988728,True,False,0,1,0,0,139.13615399616,0,2504.45077193088,0.0,33.0,33.0
150,4893,2022-04-26,Arizona Diamondbacks,Los Angeles Dodgers,1,177.0,-192.0,0.3610108303249097,0.6575342465753424,0.3785714285714285,0.6214285714285714,0.017560598246518788,-0.03610567514677099,True,False,0,1,0,0,125.222538596544,0,2379.228233334336,0.0,33.0,34.0
151,5514,2022-06-09,Kansas City Royals,Baltimore Orioles,1,-105.0,-105.0,0.5121951219512195,0.5121951219512195,0.4996574560401918,0.5003425439598082,-0.012537665911027729,-0.011852577991411373,False,False,0,0,0,0,0.0,0,2379.228233334336,0.0,33.0,34.0
152,6939,2022-09-24,Miami Marlins,Washington Nationals,1,-215.0,196.0,0.6825396825396826,0.3378378378378378,0.7627549057329742,0.2372450942670257,0.08021522319329166,-0.10059274357081208,True,False,0,1,0,0,125.222538596544,0,2254.005694737792,0.0,33.0,35.0
153,1080,2020-09-11,Colorado Rockies,Los Angeles Angels,1,-127.0,116.0,0.5594713656387665,0.4629629629629629,0.5415113871635611,0.4584886128364389,-0.017959978475205474,-0.004474350126524029,False,False,0,0,0,0,0.0,0,2254.005694737792,0.0,33.0,35.0
154,8826,2023-06-25,Colorado Rockies,Los Angeles Angels,1,139.0,-151.0,0.4184100418410041,0.601593625498008,0.4070119387926685,0.5929880612073315,-0.011398103048335606,-0.008605564290676493,False,False,0,0,0,0,0.0,0,2254.005694737792,0.0,33.0,35.0
155,6694,2022-09-06,Houston Astros,Texas Rangers,0,-256.0,230.0,0.7191011235955056,0.303030303030303,0.7627549057329742,0.2372450942670257,0.04365378213746862,-0.06578520876327729,True,False,1,0,0,0,112.70028473688961,0,2513.216349632638,259.2106548948461,34.0,35.0
156,5152,2022-05-15,Atlanta Braves,San Diego Padres,0,-106.0,-103.0,0.5145631067961165,0.5073891625615764,0.5390752471446396,0.4609247528553604,0.024512140348523115,-0.046464409706216014,True,False,1,0,0,0,112.70028473688961,0,2622.6341018043754,109.41775217173749,35.0,35.0
157,8588,2023-06-08,Milwaukee Brewers,Baltimore Orioles,0,105.0,-115.0,0.4878048780487805,0.5348837209302325,0.4745253777605579,0.5254746222394421,-0.013279500288222557,-0.00940909869079043,False,False,0,0,0,0,0.0,0,2622.6341018043754,0.0,35.0,35.0
158,6214,2022-08-02,Tampa Bay Rays,Toronto Blue Jays,0,130.0,-141.0,0.4347826086956521,0.5850622406639004,0.4070119387926685,0.5929880612073315,-0.027770669902983602,0.00792582054343105,False,False,0,0,0,0,0.0,0,2622.6341018043754,0.0,35.0,35.0
159,4919,2022-04-28,Toronto Blue Jays,Boston Red Sox,1,-147.0,137.0,0.5951417004048583,0.4219409282700422,0.587659429253935,0.4123405707460649,-0.007482271150923259,-0.00960035752397731,False,False,0,0,0,0,0.0,0,2622.6341018043754,0.0,35.0,35.0
160,7752,2023-04-07,Colorado Rockies,Washington Nationals,0,-117.0,107.0,0.5391705069124424,0.4830917874396135,0.5415113871635611,0.4584886128364389,0.002340880251118671,-0.024603174603174627,False,False,0,0,0,0,0.0,0,2622.6341018043754,0.0,35.0,35.0
161,5349,2022-05-28,Seattle Mariners,Houston Astros,1,108.0,-118.0,0.4807692307692308,0.5412844036697247,0.4522471910112359,0.5477528089887641,-0.028522039757994888,0.006468405319039361,False,False,0,0,0,0,0.0,0,2622.6341018043754,0.0,35.0,35.0
162,6312,2022-08-09,Houston Astros,Texas Rangers,1,-172.0,159.0,0.6323529411764706,0.3861003861003861,0.587659429253935,0.4123405707460649,-0.04469351192253557,0.026240184645678788,False,True,1,0,0,0,131.1317050902188,0,2698.8734652289213,76.23936342454581,36.0,35.0
163,6766,2022-09-11,Colorado Rockies,Arizona Diamondbacks,0,148.0,-161.0,0.4032258064516129,0.6168582375478927,0.4070119387926685,0.5929880612073315,0.003786132341055626,-0.02387017634056121,False,False,0,0,0,0,0.0,0,2698.8734652289213,0.0,36.0,35.0
164,6739,2022-09-09,Seattle Mariners,Atlanta Braves,0,102.0,-112.0,0.495049504950495,0.5283018867924528,0.4745253777605579,0.5254746222394421,-0.02052412718993707,-0.0028272645530107443,False,False,0,0,0,0,0.0,0,2698.8734652289213,0.0,36.0,35.0
165,3975,2021-09-10,Baltimore Orioles,Toronto Blue Jays,1,228.0,-256.0,0.3048780487804878,0.7191011235955056,0.2386363636363636,0.7613636363636364,-0.06624168514412421,0.042262512768130756,False,True,1,0,0,0,134.94367326144607,0,3006.5450402650185,307.671575036097,37.0,35.0
166,6172,2022-07-30,Cincinnati Reds,Baltimore Orioles,1,-105.0,-105.0,0.5121951219512195,0.5121951219512195,0.4996574560401918,0.5003425439598082,-0.012537665911027729,-0.011852577991411373,False,False,0,0,0,0,0.0,0,3006.5450402650185,0.0,37.0,35.0
167,8077,2023-05-01,New York Mets,Atlanta Braves,0,108.0,-118.0,0.4807692307692308,0.5412844036697247,0.4522471910112359,0.5477528089887641,-0.028522039757994888,0.006468405319039361,False,False,0,0,0,0,0.0,0,3006.5450402650185,0.0,37.0,35.0
168,5689,2022-06-22,Baltimore Orioles,Washington Nationals,1,-141.0,130.0,0.5850622406639004,0.4347826086956521,0.587659429253935,0.4123405707460649,0.0025971885900345493,-0.022442037949587212,False,False,0,0,0,0,0.0,0,3006.5450402650185,0.0,37.0,35.0
169,6428,2022-08-17,Texas Rangers,Oakland Athletics,0,-154.0,143.0,0.6062992125984252,0.411522633744856,0.587659429253935,0.4123405707460649,-0.018639783344490235,0.0008179370012089127,False,False,0,0,0,0,0.0,0,3006.5450402650185,0.0,37.0,35.0
170,5731,2022-06-25,Cleveland Guardians,Boston Red Sox,0,-154.0,141.0,0.6062992125984252,0.4149377593360996,0.587659429253935,0.4123405707460649,-0.018639783344490235,-0.002597188590034716,False,False,0,0,0,0,0.0,0,3006.5450402650185,0.0,37.0,35.0
171,8389,2023-05-24,Milwaukee Brewers,Houston Astros,1,-103.0,-107.0,0.5073891625615764,0.5169082125603864,0.4996574560401918,0.5003425439598082,-0.007731706521384607,-0.016565668600578287,False,False,0,0,0,0,0.0,0,3006.5450402650185,0.0,37.0,35.0
172,8040,2023-04-28,Colorado Rockies,Arizona Diamondbacks,0,115.0,-125.0,0.4651162790697674,0.5555555555555556,0.4522471910112359,0.5477528089887641,-0.012869088058531486,-0.007802746566791474,False,False,0,0,0,0,0.0,0,3006.5450402650185,0.0,37.0,35.0
173,8565,2023-06-06,Atlanta Braves,New York Mets,1,-161.0,148.0,0.6168582375478927,0.4032258064516129,0.587659429253935,0.4123405707460649,-0.029198808293957712,0.009114764294452016,False,False,0,0,0,0,0.0,0,3006.5450402650185,0.0,37.0,35.0
174,8757,2023-06-20,Minnesota Twins,Boston Red Sox,0,-133.0,123.0,0.5708154506437768,0.4484304932735426,0.5740623237450648,0.4259376762549351,0.003246873101288017,-0.022492817018607503,False,False,0,0,0,0,0.0,0,3006.5450402650185,0.0,37.0,35.0
175,6164,2022-07-29,Los Angeles Angels,Texas Rangers,0,-106.0,-104.0,0.5145631067961165,0.5098039215686274,0.5390752471446396,0.4609247528553604,0.024512140348523115,-0.04887916871326703,True,False,1,0,0,0,150.32725201325093,0,3151.0904748931443,144.5454346281259,38.0,35.0
176,6856,2022-09-18,Washington Nationals,Miami Marlins,0,162.0,-176.0,0.3816793893129771,0.6376811594202898,0.3964856230031949,0.6035143769968051,0.014806233690217774,-0.0341667824234847,True,False,1,0,0,0,150.32725201325093,0,3236.5036862643096,85.4132113711653,39.0,35.0
177,5925,2022-07-09,Kansas City Royals,Cleveland Guardians,0,115.0,-125.0,0.4651162790697674,0.5555555555555556,0.4522471910112359,0.5477528089887641,-0.012869088058531486,-0.007802746566791474,False,False,0,0,0,0,0.0,0,3236.5036862643096,0.0,39.0,35.0
178,8030,2023-04-27,Texas Rangers,New York Yankees,0,149.0,-162.0,0.4016064257028112,0.6183206106870229,0.4070119387926685,0.5929880612073315,0.005405513089857317,-0.025332549479691435,False,False,0,0,0,0,0.0,0,3236.5036862643096,0.0,39.0,35.0
179,8359,2023-05-22,Pittsburgh Pirates,Texas Rangers,1,123.0,-133.0,0.4484304932735426,0.5708154506437768,0.4187078452254171,0.5812921547745828,-0.029722648048125522,0.010476704130806036,False,True,1,0,0,0,150.32725201325093,0,3421.4062062406083,184.90251997629863,40.0,35.0
180,3473,2021-08-04,New York Yankees,Baltimore Orioles,1,-256.0,233.0,0.7191011235955056,0.3003003003003003,0.766306469066415,0.233693530933585,0.04720534547090938,-0.06660676936671531,True,False,0,1,0,0,171.07031031203041,0,3250.335895928578,0.0,40.0,36.0
181,5022,2022-05-06,Minnesota Twins,Oakland Athletics,1,-172.0,159.0,0.6323529411764706,0.3861003861003861,0.587659429253935,0.4123405707460649,-0.04469351192253557,0.026240184645678788,False,True,1,0,0,0,171.07031031203041,0,3349.7953786681305,99.45948273955257,41.0,36.0
182,2327,2021-05-10,Pittsburgh Pirates,Cincinnati Reds,0,128.0,-137.0,0.4385964912280701,0.5780590717299579,0.4070119387926685,0.5929880612073315,-0.03158455243540159,0.014928989477373644,False,True,0,1,0,0,171.07031031203041,0,3178.7250683561,0.0,41.0,37.0
183,8145,2023-05-06,Cleveland Guardians,Minnesota Twins,1,-103.0,-107.0,0.5073891625615764,0.5169082125603864,0.4996574560401918,0.5003425439598082,-0.007731706521384607,-0.016565668600578287,False,False,0,0,0,0,0.0,0,3178.7250683561,0.0,41.0,37.0
184,5816,2022-07-02,Toronto Blue Jays,Tampa Bay Rays,0,-130.0,120.0,0.5652173913043478,0.4545454545454545,0.5655193236714976,0.4344806763285024,0.0003019323671498153,-0.020064778216952073,False,False,0,0,0,0,0.0,0,3178.7250683561,0.0,41.0,37.0
185,7988,2023-04-24,Arizona Diamondbacks,Kansas City Royals,1,-124.0,114.0,0.5535714285714286,0.4672897196261682,0.5415113871635611,0.4584886128364389,-0.012060041407867539,-0.00880110678972934,False,False,0,0,0,0,0.0,0,3178.7250683561,0.0,41.0,37.0
186,640,2020-08-12,Texas Rangers,Seattle Mariners,1,-125.0,115.0,0.5555555555555556,0.4651162790697674,0.5415113871635611,0.4584886128364389,-0.014044168391994516,-0.0066276662333285,False,False,0,0,0,0,0.0,0,3178.7250683561,0.0,41.0,37.0
187,8905,2023-07-01,Kansas City Royals,Los Angeles Dodgers,1,200.0,-220.0,0.3333333333333333,0.6875,0.2457118353344768,0.7542881646655232,-0.08762149799885652,0.06678816466552318,False,True,1,0,0,0,158.936253417805,0,3496.5975751917103,317.87250683561,42.0,37.0
188,2363,2021-05-13,Atlanta Braves,Toronto Blue Jays,0,-154.0,143.0,0.6062992125984252,0.411522633744856,0.587659429253935,0.4123405707460649,-0.018639783344490235,0.0008179370012089127,False,False,0,0,0,0,0.0,0,3496.5975751917103,0.0,42.0,37.0
189,1134,2020-09-15,Houston Astros,Texas Rangers,1,-185.0,171.0,0.6491228070175439,0.3690036900369003,0.6295681063122924,0.3704318936877076,-0.01955470070525145,0.0014282036508073137,False,False,0,0,0,0,0.0,0,3496.5975751917103,0.0,42.0,37.0
190,8688,2023-06-15,Texas Rangers,Los Angeles Angels,0,-141.0,130.0,0.5850622406639004,0.4347826086956521,0.587659429253935,0.4123405707460649,0.0025971885900345493,-0.022442037949587212,False,False,0,0,0,0,0.0,0,3496.5975751917103,0.0,42.0,37.0
191,1259,2020-09-23,Los Angeles Dodgers,Oakland Athletics,0,-156.0,145.0,0.609375,0.4081632653061224,0.587659429253935,0.4123405707460649,-0.021715570746065005,0.004177305439942491,False,False,0,0,0,0,0.0,0,3496.5975751917103,0.0,42.0,37.0
192,1065,2020-09-10,Arizona Diamondbacks,Los Angeles Dodgers,1,200.0,-217.0,0.3333333333333333,0.6845425867507886,0.2457118353344768,0.7542881646655232,-0.08762149799885652,0.06974557791473457,False,True,1,0,0,0,174.82987875958554,0,3846.257332710881,349.6597575191711,43.0,37.0
193,6028,2022-07-16,Houston Astros,Oakland Athletics,1,-345.0,301.0,0.7752808988764045,0.2493765586034912,0.7946708463949843,0.2053291536050157,0.01938994751857981,-0.04404740499847551,True,False,0,1,0,0,174.82987875958554,0,3671.427453951296,0.0,43.0,38.0
194,4844,2022-04-23,Detroit Tigers,Colorado Rockies,1,-137.0,127.0,0.5780590717299579,0.4405286343612334,0.587659429253935,0.4123405707460649,0.009600357523977143,-0.028188063615168513,False,False,0,0,0,0,0.0,0,3671.427453951296,0.0,43.0,38.0
195,8325,2023-05-19,San Diego Padres,Boston Red Sox,0,-135.0,125.0,0.574468085106383,0.4444444444444444,0.587659429253935,0.4123405707460649,0.013191344147551964,-0.032103873698379526,True,False,1,0,0,0,183.5713726975648,0,3900.891669823252,229.46421587195601,44.0,38.0
196,8150,2023-05-06,Atlanta Braves,Baltimore Orioles,1,-227.0,205.0,0.6941896024464832,0.3278688524590163,0.7627549057329742,0.2372450942670257,0.06856530328649102,-0.09062375819199062,True,False,0,1,0,0,183.5713726975648,0,3717.320297125687,0.0,44.0,39.0
197,8416,2023-05-26,Atlanta Braves,Philadelphia Phillies,0,-149.0,138.0,0.5983935742971888,0.4201680672268907,0.587659429253935,0.4123405707460649,-0.010734145043253762,-0.007827496480825813,False,False,0,0,0,0,0.0,0,3717.320297125687,0.0,44.0,39.0
198,8451,2023-05-28,Los Angeles Angels,Miami Marlins,0,-127.0,117.0,0.5594713656387665,0.4608294930875576,0.5655193236714976,0.4344806763285024,0.00604795803273106,-0.026348816759055205,False,False,0,0,0,0,0.0,0,3717.320297125687,0.0,44.0,39.0
199,6231,2022-08-03,Washington Nationals,New York Mets,0,211.0,-233.0,0.3215434083601286,0.6996996996996997,0.2457118353344768,0.7542881646655232,-0.07583157302565183,0.05458846496582348,False,True,0,1,0,0,183.5713726975648,0,3533.7489244281223,0.0,44.0,40.0
200,8228,2023-05-12,Milwaukee Brewers,Kansas City Royals,1,-217.0,197.0,0.6845425867507886,0.3367003367003367,0.7627549057329742,0.2372450942670257,0.07821231898218561,-0.09945524243331103,True,False,0,1,0,0,176.68744622140613,0,3357.0614782067164,0.0,44.0,41.0
201,7933,2023-04-21,Chicago Cubs,Los Angeles Dodgers,1,156.0,-169.0,0.390625,0.6282527881040892,0.3964856230031949,0.6035143769968051,0.005860623003194898,-0.02473841110728414,False,False,0,0,0,0,0.0,0,3357.0614782067164,0.0,44.0,41.0
202,5112,2022-05-12,Washington Nationals,New York Mets,0,137.0,-147.0,0.4219409282700422,0.5951417004048583,0.4070119387926685,0.5929880612073315,-0.0149289894773737,-0.0021536391975267577,False,False,0,0,0,0,0.0,0,3357.0614782067164,0.0,44.0,41.0
203,4129,2021-09-21,New York Yankees,Texas Rangers,1,-238.0,216.0,0.7041420118343196,0.3164556962025316,0.7627549057329742,0.2372450942670257,0.05861289389865465,-0.07921060193550591,True,False,0,1,0,0,176.68744622140613,0,3180.3740319853105,0.0,44.0,42.0
204,7822,2023-04-12,Los Angeles Angels,Washington Nationals,1,-165.0,152.0,0.6226415094339622,0.3968253968253968,0.587659429253935,0.4123405707460649,-0.03498208018002724,0.01551517392066809,False,True,1,0,0,0,176.68744622140613,0,3287.4573327255566,107.08330074024614,45.0,42.0
205,8106,2023-05-03,Tampa Bay Rays,Pittsburgh Pirates,1,-205.0,188.0,0.6721311475409836,0.3472222222222222,0.728777450016388,0.2712225499836119,0.056646302475404475,-0.07599967223861032,True,False,0,1,0,0,164.37286663627785,0,3123.084466089279,0.0,45.0,43.0
206,8049,2023-04-29,Minnesota Twins,Kansas City Royals,0,-220.0,200.0,0.6875,0.3333333333333333,0.7627549057329742,0.2372450942670257,0.07525490573297422,-0.09608823906630762,True,False,1,0,0,0,164.37286663627785,0,3451.8301993618347,328.7457332725557,46.0,43.0
207,6548,2022-08-26,Milwaukee Brewers,Chicago Cubs,0,-149.0,138.0,0.5983935742971888,0.4201680672268907,0.587659429253935,0.4123405707460649,-0.010734145043253762,-0.007827496480825813,False,False,0,0,0,0,0.0,0,3451.8301993618347,0.0,46.0,43.0
208,7917,2023-04-19,Los Angeles Dodgers,New York Mets,0,114.0,-124.0,0.4672897196261682,0.5535714285714286,0.4522471910112359,0.5477528089887641,-0.015042528614932327,-0.005818619582664497,False,False,0,0,0,0,0.0,0,3451.8301993618347,0.0,46.0,43.0
209,2370,2021-05-13,Tampa Bay Rays,New York Yankees,1,121.0,-132.0,0.4524886877828054,0.5689655172413793,0.4187078452254171,0.5812921547745828,-0.03378084255738828,0.01232663753320351,False,True,1,0,0,0,164.37286663627785,0,3650.721367991731,198.89116862989619,47.0,43.0
210,8340,2023-05-20,San Diego Padres,Boston Red Sox,0,-125.0,115.0,0.5555555555555556,0.4651162790697674,0.5415113871635611,0.4584886128364389,-0.014044168391994516,-0.0066276662333285,False,False,0,0,0,0,0.0,0,3650.721367991731,0.0,47.0,43.0
211,7902,2023-04-18,Boston Red Sox,Minnesota Twins,1,101.0,-111.0,0.4975124378109453,0.5260663507109005,0.4745253777605579,0.5254746222394421,-0.022987060050387365,-0.0005917284714583859,False,False,0,0,0,0,0.0,0,3650.721367991731,0.0,47.0,43.0
212,2649,2021-06-02,Baltimore Orioles,Minnesota Twins,1,144.0,-156.0,0.4098360655737705,0.609375,0.4070119387926685,0.5929880612073315,-0.0028241267811019988,-0.016386938792668504,False,False,0,0,0,0,0.0,0,3650.721367991731,0.0,47.0,43.0
213,6484,2022-08-21,San Diego Padres,Washington Nationals,1,-263.0,237.0,0.7245179063360881,0.2967359050445103,0.7679841897233202,0.2320158102766798,0.04346628338723202,-0.0647200947678305,True,False,0,1,0,0,182.53606839958655,0,3468.1852995921445,0.0,47.0,44.0
214,5569,2022-06-13,Arizona Diamondbacks,Cincinnati Reds,0,-156.0,145.0,0.609375,0.4081632653061224,0.587659429253935,0.4123405707460649,-0.021715570746065005,0.004177305439942491,False,False,0,0,0,0,0.0,0,3468.1852995921445,0.0,47.0,44.0
215,6716,2022-09-07,Kansas City Royals,Cleveland Guardians,1,115.0,-125.0,0.4651162790697674,0.5555555555555556,0.4522471910112359,0.5477528089887641,-0.012869088058531486,-0.007802746566791474,False,False,0,0,0,0,0.0,0,3468.1852995921445,0.0,47.0,44.0
216,946,2020-09-02,Milwaukee Brewers,Detroit Tigers,1,-156.0,145.0,0.609375,0.4081632653061224,0.587659429253935,0.4123405707460649,-0.021715570746065005,0.004177305439942491,False,False,0,0,0,0,0.0,0,3468.1852995921445,0.0,47.0,44.0
217,6293,2022-08-07,Arizona Diamondbacks,Colorado Rockies,1,-152.0,139.0,0.6031746031746031,0.4184100418410041,0.587659429253935,0.4123405707460649,-0.015515173920668146,-0.006069471094939216,False,False,0,0,0,0,0.0,0,3468.1852995921445,0.0,47.0,44.0
218,8606,2023-06-09,Atlanta Braves,Washington Nationals,1,-201.0,184.0,0.6677740863787376,0.352112676056338,0.6605985512771635,0.3394014487228364,-0.007175535101574093,-0.012711227333501607,False,False,0,0,0,0,0.0,0,3468.1852995921445,0.0,47.0,44.0
219,505,2020-08-03,San Diego Padres,Los Angeles Dodgers,1,124.0,-133.0,0.4464285714285714,0.5708154506437768,0.4187078452254171,0.5812921547745828,-0.0277207262031543,0.010476704130806036,False,True,1,0,0,0,173.40926497960723,0,3683.2127881668575,215.02748857471298,48.0,44.0
220,1041,2020-09-08,Arizona Diamondbacks,Los Angeles Dodgers,0,208.0,-227.0,0.3246753246753247,0.6941896024464832,0.2457118353344768,0.7542881646655232,-0.07896348934084788,0.060098562219039975,False,True,0,1,0,0,184.1606394083429,0,3499.0521487585147,0.0,48.0,45.0
221,1959,2021-04-13,Houston Astros,Detroit Tigers,0,-179.0,163.0,0.6415770609318996,0.3802281368821292,0.587659429253935,0.4123405707460649,-0.053917631677964595,0.0321124338639357,False,True,0,1,0,0,184.1606394083429,0,3314.891509350172,0.0,48.0,46.0
222,5723,2022-06-25,New York Yankees,Houston Astros,0,-164.0,150.0,0.6212121212121212,0.4,0.587659429253935,0.4123405707460649,-0.03355269195818622,0.012340570746064872,False,True,0,1,0,0,184.1606394083429,0,3130.730869941829,0.0,48.0,47.0
223,1230,2020-09-22,Washington Nationals,Philadelphia Phillies,1,175.0,-189.0,0.3636363636363636,0.6539792387543253,0.3785714285714285,0.6214285714285714,0.014935064935064912,-0.032550667325753846,True,False,0,1,0,0,184.1606394083429,0,2946.570230533486,0.0,48.0,48.0
224,8601,2023-06-09,Pittsburgh Pirates,New York Mets,1,104.0,-114.0,0.4901960784313725,0.5327102803738317,0.4745253777605579,0.5254746222394421,-0.015670700670814552,-0.007235658134389644,False,False,0,0,0,0,0.0,0,2946.570230533486,0.0,48.0,48.0
225,8178,2023-05-08,Los Angeles Angels,Houston Astros,1,113.0,-123.0,0.4694835680751174,0.5515695067264574,0.4522471910112359,0.5477528089887641,-0.01723637706388148,-0.003816697737693331,False,False,0,0,0,0,0.0,0,2946.570230533486,0.0,48.0,48.0
226,720,2020-08-18,Atlanta Braves,Washington Nationals,0,-118.0,108.0,0.5412844036697247,0.4807692307692308,0.5415113871635611,0.4584886128364389,0.0002269834938363191,-0.022280617932791902,False,False,0,0,0,0,0.0,0,2946.570230533486,0.0,48.0,48.0
227,6457,2022-08-19,Los Angeles Dodgers,Miami Marlins,1,-256.0,228.0,0.7191011235955056,0.3048780487804878,0.7627549057329742,0.2372450942670257,0.04365378213746862,-0.0676329545134621,True,False,0,1,0,0,147.3285115266743,0,2799.2417190068118,0.0,48.0,49.0
228,6008,2022-07-15,Cleveland Guardians,Detroit Tigers,1,-182.0,166.0,0.6453900709219859,0.3759398496240601,0.6107686729514141,0.3892313270485859,-0.03462139797057173,0.0132914774245258,False,True,1,0,0,0,147.3285115266743,0,2880.1914506148746,80.9497316080628,49.0,49.0
229,8382,2023-05-23,Colorado Rockies,Miami Marlins,1,116.0,-126.0,0.4629629629629629,0.5575221238938053,0.4296316904189252,0.5703683095810748,-0.03333127254403773,0.012846185687269474,False,True,1,0,0,0,147.3285115266743,0,3051.092523985817,170.90107337094219,50.0,49.0
230,6669,2022-09-04,Cleveland Guardians,Seattle Mariners,0,113.0,-123.0,0.4694835680751174,0.5515695067264574,0.4522471910112359,0.5477528089887641,-0.01723637706388148,-0.003816697737693331,False,False,0,0,0,0,0.0,0,3051.092523985817,0.0,50.0,49.0
231,8812,2023-06-24,Detroit Tigers,Minnesota Twins,1,139.0,-151.0,0.4184100418410041,0.601593625498008,0.4070119387926685,0.5929880612073315,-0.011398103048335606,-0.008605564290676493,False,False,0,0,0,0,0.0,0,3051.092523985817,0.0,50.0,49.0
232,8376,2023-05-23,New York Yankees,Baltimore Orioles,1,-166.0,153.0,0.6240601503759399,0.3952569169960474,0.587659429253935,0.4123405707460649,-0.036400721122004875,0.01708365375001747,False,True,1,0,0,0,152.55462619929085,0,3142.9929012143057,91.90037722848847,51.0,49.0
233,7793,2023-04-10,Chicago Cubs,Seattle Mariners,1,148.0,-161.0,0.4032258064516129,0.6168582375478927,0.4070119387926685,0.5929880612073315,0.003786132341055626,-0.02387017634056121,False,False,0,0,0,0,0.0,0,3142.9929012143057,0.0,51.0,49.0
234,8445,2023-05-28,Kansas City Royals,Washington Nationals,1,-105.0,-105.0,0.5121951219512195,0.5121951219512195,0.4996574560401918,0.5003425439598082,-0.012537665911027729,-0.011852577991411373,False,False,0,0,0,0,0.0,0,3142.9929012143057,0.0,51.0,49.0
235,6262,2022-08-05,Arizona Diamondbacks,Colorado Rockies,1,-125.0,115.0,0.5555555555555556,0.4651162790697674,0.5415113871635611,0.4584886128364389,-0.014044168391994516,-0.0066276662333285,False,False,0,0,0,0,0.0,0,3142.9929012143057,0.0,51.0,49.0
236,7964,2023-04-23,Philadelphia Phillies,Colorado Rockies,1,-290.0,258.0,0.7435897435897436,0.2793296089385474,0.7946708463949843,0.2053291536050157,0.0510811028052407,-0.07400045533353172,True,False,0,1,0,0,157.1496450607153,0,2985.8432561535906,0.0,51.0,50.0
237,3369,2021-07-27,San Diego Padres,Oakland Athletics,1,-149.0,138.0,0.5983935742971888,0.4201680672268907,0.587659429253935,0.4123405707460649,-0.010734145043253762,-0.007827496480825813,False,False,0,0,0,0,0.0,0,2985.8432561535906,0.0,51.0,50.0
238,8251,2023-05-14,New York Yankees,Tampa Bay Rays,0,110.0,-120.0,0.4761904761904761,0.5454545454545454,0.4522471910112359,0.5477528089887641,-0.023943285179240215,0.002298263534218692,False,False,0,0,0,0,0.0,0,2985.8432561535906,0.0,51.0,50.0
239,6569,2022-08-28,Boston Red Sox,Tampa Bay Rays,0,103.0,-112.0,0.4926108374384236,0.5283018867924528,0.4745253777605579,0.5254746222394421,-0.01808545967786568,-0.0028272645530107443,False,False,0,0,0,0,0.0,0,2985.8432561535906,0.0,51.0,50.0
240,3988,2021-09-11,Chicago Cubs,San Francisco Giants,0,184.0,-200.0,0.352112676056338,0.6666666666666666,0.3106469002695418,0.6893530997304582,-0.04146577578679622,0.02268643306379159,False,True,0,1,0,0,149.29216280767955,0,2836.551093345911,0.0,51.0,51.0
241,7845,2023-04-14,Kansas City Royals,Atlanta Braves,0,125.0,-135.0,0.4444444444444444,0.574468085106383,0.4070119387926685,0.5929880612073315,-0.037432505651775916,0.018519976100948465,False,True,0,1,0,0,149.29216280767955,0,2687.258930538231,0.0,51.0,52.0
242,8292,2023-05-17,Colorado Rockies,Cincinnati Reds,1,-111.0,101.0,0.5260663507109005,0.4975124378109453,0.5390752471446396,0.4609247528553604,0.013008896433739148,-0.0365876849555849,True,False,0,1,0,0,149.29216280767955,0,2537.9667677305515,0.0,51.0,53.0
243,1305,2020-09-26,Los Angeles Dodgers,Los Angeles Angels,1,-172.0,159.0,0.6323529411764706,0.3861003861003861,0.587659429253935,0.4123405707460649,-0.04469351192253557,0.026240184645678788,False,True,1,0,0,0,149.29216280767955,0,2624.764536804784,86.79776907423229,52.0,53.0
244,4758,2022-04-17,Baltimore Orioles,New York Yankees,1,169.0,-185.0,0.3717472118959107,0.6491228070175439,0.3964856230031949,0.6035143769968051,0.024738411107284197,-0.04560843002073878,True,False,0,1,0,0,149.29216280767955,0,2475.472373997104,0.0,52.0,54.0
245,4768,2022-04-17,Colorado Rockies,Chicago Cubs,0,-125.0,115.0,0.5555555555555556,0.4651162790697674,0.5415113871635611,0.4584886128364389,-0.014044168391994516,-0.0066276662333285,False,False,0,0,0,0,0.0,0,2475.472373997104,0.0,52.0,54.0
246,7867,2023-04-16,Washington Nationals,Cleveland Guardians,1,205.0,-227.0,0.3278688524590163,0.6941896024464832,0.2457118353344768,0.7542881646655232,-0.08215701712453952,0.060098562219039975,False,True,1,0,0,0,123.7736186998552,0,2729.208292331807,253.73591833470314,53.0,54.0
247,2757,2021-06-10,Oakland Athletics,Kansas City Royals,0,-145.0,134.0,0.5918367346938775,0.4273504273504273,0.587659429253935,0.4123405707460649,-0.004177305439942547,-0.015009856604362382,False,False,0,0,0,0,0.0,0,2729.208292331807,0.0,53.0,54.0
248,2543,2021-05-26,Pittsburgh Pirates,Chicago Cubs,0,128.0,-137.0,0.4385964912280701,0.5780590717299579,0.4070119387926685,0.5929880612073315,-0.03158455243540159,0.014928989477373644,False,True,0,1,0,0,123.7736186998552,0,2605.434673631952,0.0,53.0,55.0
249,8566,2023-06-06,Milwaukee Brewers,Baltimore Orioles,1,-124.0,114.0,0.5535714285714286,0.4672897196261682,0.5415113871635611,0.4584886128364389,-0.012060041407867539,-0.00880110678972934,False,False,0,0,0,0,0.0,0,2605.434673631952,0.0,53.0,55.0
250,8015,2023-04-26,New York Mets,Washington Nationals,0,-203.0,186.0,0.66996699669967,0.3496503496503496,0.6797746247451701,0.3202253752548299,0.009807628045500172,-0.029424974395519665,False,False,0,0,0,0,0.0,0,2605.434673631952,0.0,53.0,55.0
251,647,2020-08-13,Chicago Cubs,Milwaukee Brewers,1,-175.0,160.0,0.6363636363636364,0.3846153846153846,0.587659429253935,0.4123405707460649,-0.04870420710970136,0.027725186130680313,False,True,1,0,0,0,130.27173368159762,0,2679.8756643071506,74.44099067519863,54.0,55.0
252,6452,2022-08-19,Minnesota Twins,Texas Rangers,1,-133.0,123.0,0.5708154506437768,0.4484304932735426,0.5740623237450648,0.4259376762549351,0.003246873101288017,-0.022492817018607503,False,False,0,0,0,0,0.0,0,2679.8756643071506,0.0,54.0,55.0
253,6148,2022-07-28,Houston Astros,Seattle Mariners,1,-133.0,124.0,0.5708154506437768,0.4464285714285714,0.587659429253935,0.4123405707460649,0.016843978610158183,-0.0340880006825065,True,False,0,1,0,0,130.27173368159762,0,2549.603930625553,0.0,54.0,56.0
254,3789,2021-08-27,Atlanta Braves,San Francisco Giants,1,-130.0,120.0,0.5652173913043478,0.4545454545454545,0.5655193236714976,0.4344806763285024,0.0003019323671498153,-0.020064778216952073,False,False,0,0,0,0,0.0,0,2549.603930625553,0.0,54.0,56.0
255,728,2020-08-19,Baltimore Orioles,Toronto Blue Jays,0,103.0,-112.0,0.4926108374384236,0.5283018867924528,0.4745253777605579,0.5254746222394421,-0.01808545967786568,-0.0028272645530107443,False,False,0,0,0,0,0.0,0,2549.603930625553,0.0,54.0,56.0
256,5775,2022-06-28,Arizona Diamondbacks,San Diego Padres,1,104.0,-114.0,0.4901960784313725,0.5327102803738317,0.4745253777605579,0.5254746222394421,-0.015670700670814552,-0.007235658134389644,False,False,0,0,0,0,0.0,0,2549.603930625553,0.0,54.0,56.0
257,4973,2022-05-02,New York Mets,Atlanta Braves,0,-105.0,-105.0,0.5121951219512195,0.5121951219512195,0.4996574560401918,0.5003425439598082,-0.012537665911027729,-0.011852577991411373,False,False,0,0,0,0,0.0,0,2549.603930625553,0.0,54.0,56.0
258,5355,2022-05-29,Tampa Bay Rays,New York Yankees,1,-130.0,120.0,0.5652173913043478,0.4545454545454545,0.5655193236714976,0.4344806763285024,0.0003019323671498153,-0.020064778216952073,False,False,0,0,0,0,0.0,0,2549.603930625553,0.0,54.0,56.0
259,4822,2022-04-21,Oakland Athletics,Baltimore Orioles,1,-130.0,120.0,0.5652173913043478,0.4545454545454545,0.5655193236714976,0.4344806763285024,0.0003019323671498153,-0.020064778216952073,False,False,0,0,0,0,0.0,0,2549.603930625553,0.0,54.0,56.0
260,8336,2023-05-20,Tampa Bay Rays,Milwaukee Brewers,1,-185.0,170.0,0.6491228070175439,0.3703703703703703,0.6295681063122924,0.3704318936877076,-0.01955470070525145,6.152331733733085e-05,False,False,0,0,0,0,0.0,0,2549.603930625553,0.0,54.0,56.0
261,1246,2020-09-23,San Diego Padres,Los Angeles Angels,0,-179.0,165.0,0.6415770609318996,0.3773584905660377,0.587659429253935,0.4123405707460649,-0.053917631677964595,0.034982080180027186,False,True,0,1,0,0,127.48019653127766,0,2422.1237340942753,0.0,54.0,57.0
262,8206,2023-05-10,Baltimore Orioles,Tampa Bay Rays,1,105.0,-115.0,0.4878048780487805,0.5348837209302325,0.4745253777605579,0.5254746222394421,-0.013279500288222557,-0.00940909869079043,False,False,0,0,0,0,0.0,0,2422.1237340942753,0.0,54.0,57.0
263,8351,2023-05-21,Houston Astros,Oakland Athletics,1,-330.0,292.0,0.7674418604651163,0.2551020408163265,0.7946708463949843,0.2053291536050157,0.027228985929868,-0.04977288721131079,True,False,0,1,0,0,127.48019653127766,0,2294.6435375629976,0.0,54.0,58.0
264,5299,2022-05-25,Seattle Mariners,Oakland Athletics,0,-161.0,148.0,0.6168582375478927,0.4032258064516129,0.587659429253935,0.4123405707460649,-0.029198808293957712,0.009114764294452016,False,False,0,0,0,0,0.0,0,2294.6435375629976,0.0,54.0,58.0
265,5950,2022-07-11,Kansas City Royals,Detroit Tigers,1,-139.0,129.0,0.5815899581589958,0.4366812227074236,0.587659429253935,0.4123405707460649,0.006069471094939161,-0.024340651961358706,False,False,0,0,0,0,0.0,0,2294.6435375629976,0.0,54.0,58.0
266,5113,2022-05-12,Detroit Tigers,Oakland Athletics,0,-108.0,-102.0,0.5192307692307693,0.504950495049505,0.5390752471446396,0.4609247528553604,0.01984447791387034,-0.04402574219414457,True,False,1,0,0,0,114.73217687814989,0,2407.126063914125,112.48252635112733,55.0,58.0
267,8546,2023-06-04,San Diego Padres,Chicago Cubs,0,-105.0,-105.0,0.5121951219512195,0.5121951219512195,0.4996574560401918,0.5003425439598082,-0.012537665911027729,-0.011852577991411373,False,False,0,0,0,0,0.0,0,2407.126063914125,0.0,55.0,58.0
268,8244,2023-05-13,Los Angeles Dodgers,San Diego Padres,1,-142.0,131.0,0.5867768595041323,0.4329004329004329,0.587659429253935,0.4123405707460649,0.0008825697498027196,-0.020559862154368003,False,False,0,0,0,0,0.0,0,2407.126063914125,0.0,55.0,58.0
269,4921,2022-04-28,Atlanta Braves,Chicago Cubs,1,-175.0,161.0,0.6363636363636364,0.3831417624521073,0.587659429253935,0.4123405707460649,-0.04870420710970136,0.0291988082939576,False,True,1,0,0,0,114.73217687814989,0,2472.6873078444964,65.56124393037136,56.0,58.0
270,8438,2023-05-27,Colorado Rockies,New York Mets,1,170.0,-185.0,0.3703703703703703,0.6491228070175439,0.3964856230031942,0.6035143769968059,0.026115252632823882,-0.045608430020738,True,False,0,1,0,0,123.63436539222482,0,2349.0529424522715,0.0,56.0,59.0
271,4985,2022-05-03,Houston Astros,Seattle Mariners,1,-141.0,130.0,0.5850622406639004,0.4347826086956521,0.587659429253935,0.4123405707460649,0.0025971885900345493,-0.022442037949587212,False,False,0,0,0,0,0.0,0,2349.0529424522715,0.0,56.0,59.0
272,2595,2021-05-29,Boston Red Sox,Miami Marlins,1,-141.0,130.0,0.5850622406639004,0.4347826086956521,0.587659429253935,0.4123405707460649,0.0025971885900345493,-0.022442037949587212,False,False,0,0,0,0,0.0,0,2349.0529424522715,0.0,56.0,59.0
273,5576,2022-06-14,New York Yankees,Tampa Bay Rays,1,-208.0,192.0,0.6753246753246753,0.3424657534246575,0.728777450016388,0.2712225499836119,0.05345277469171272,-0.07124320344104562,True,False,0,1,0,0,123.63436539222482,0,2225.4185770600466,0.0,56.0,60.0
274,8280,2023-05-16,Boston Red Sox,Seattle Mariners,1,143.0,-155.0,0.411522633744856,0.6078431372549019,0.4070119387926685,0.5929880612073315,-0.004510694952187477,-0.014855076047570415,False,False,0,0,0,0,0.0,0,2225.4185770600466,0.0,56.0,60.0
275,6487,2022-08-21,Baltimore Orioles,Boston Red Sox,1,-101.0,-109.0,0.5024875621890548,0.5215311004784688,0.4996574560401918,0.5003425439598082,-0.0028301061488629764,-0.021188556518660695,False,False,0,0,0,0,0.0,0,2225.4185770600466,0.0,56.0,60.0
276,5734,2022-06-25,Atlanta Braves,Los Angeles Dodgers,1,-147.0,137.0,0.5951417004048583,0.4219409282700422,0.587659429253935,0.4123405707460649,-0.007482271150923259,-0.00960035752397731,False,False,0,0,0,0,0.0,0,2225.4185770600466,0.0,56.0,60.0
277,8562,2023-06-06,Toronto Blue Jays,Houston Astros,1,-126.0,116.0,0.5575221238938053,0.4629629629629629,0.5415113871635611,0.4584886128364389,-0.016010736730244224,-0.004474350126524029,False,False,0,0,0,0,0.0,0,2225.4185770600466,0.0,56.0,60.0
278,6542,2022-08-26,Boston Red Sox,Tampa Bay Rays,1,-115.0,105.0,0.5348837209302325,0.4878048780487805,0.5415113871635611,0.4584886128364389,0.006627666233328555,-0.029316265212341597,False,False,0,0,0,0,0.0,0,2225.4185770600466,0.0,56.0,60.0
279,8271,2023-05-15,Colorado Rockies,Cincinnati Reds,1,110.0,-120.0,0.4761904761904761,0.5454545454545454,0.4522471910112359,0.5477528089887641,-0.023943285179240215,0.002298263534218692,False,False,0,0,0,0,0.0,0,2225.4185770600466,0.0,56.0,60.0
280,4141,2021-09-22,Philadelphia Phillies,Baltimore Orioles,1,-312.0,279.0,0.7572815533980582,0.2638522427440633,0.7946708463949843,0.2053291536050157,0.03738929299692606,-0.058523089139047635,True,False,0,1,0,0,111.27092885300233,0,2114.1476482070443,0.0,56.0,61.0
281,1942,2021-04-12,Arizona Diamondbacks,Oakland Athletics,0,115.0,-125.0,0.4651162790697674,0.5555555555555556,0.4522471910112359,0.5477528089887641,-0.012869088058531486,-0.007802746566791474,False,False,0,0,0,0,0.0,0,2114.1476482070443,0.0,56.0,61.0
282,6648,2022-09-03,Baltimore Orioles,Oakland Athletics,1,-208.0,192.0,0.6753246753246753,0.3424657534246575,0.728777450016388,0.2712225499836119,0.05345277469171272,-0.07124320344104562,True,False,0,1,0,0,111.27092885300233,0,2002.876719354042,0.0,56.0,62.0
283,8247,2023-05-13,Colorado Rockies,Philadelphia Phillies,0,133.0,-144.0,0.4291845493562232,0.5901639344262295,0.4070119387926685,0.5929880612073315,-0.022172610563554684,0.0028241267811019988,False,False,0,0,0,0,0.0,0,2002.876719354042,0.0,56.0,62.0
284,2720,2021-06-08,Pittsburgh Pirates,Los Angeles Dodgers,0,170.0,-185.0,0.3703703703703703,0.6491228070175439,0.3964856230031942,0.6035143769968059,0.026115252632823882,-0.045608430020738,True,False,1,0,0,0,111.27092885300233,0,2063.023167382692,60.146448028649914,57.0,62.0
285,8116,2023-05-04,Washington Nationals,Chicago Cubs,1,177.0,-193.0,0.3610108303249097,0.658703071672355,0.3785714285714285,0.6214285714285714,0.017560598246518788,-0.03727450024378354,True,False,0,1,0,0,103.1511583691346,0,1959.8720090135573,0.0,57.0,63.0
286,4842,2022-04-23,Washington Nationals,San Francisco Giants,0,139.0,-152.0,0.4184100418410041,0.6031746031746031,0.4070119387926685,0.5929880612073315,-0.011398103048335606,-0.010186541967271645,False,False,0,0,0,0,0.0,0,1959.8720090135573,0.0,57.0,63.0
287,2373,2021-05-13,Arizona Diamondbacks,Miami Marlins,0,108.0,-118.0,0.4807692307692308,0.5412844036697247,0.4522471910112359,0.5477528089887641,-0.028522039757994888,0.006468405319039361,False,False,0,0,0,0,0.0,0,1959.8720090135573,0.0,57.0,63.0
288,7944,2023-04-21,Arizona Diamondbacks,San Diego Padres,1,-105.0,-105.0,0.5121951219512195,0.5121951219512195,0.4996574560401918,0.5003425439598082,-0.012537665911027729,-0.011852577991411373,False,False,0,0,0,0,0.0,0,1959.8720090135573,0.0,57.0,63.0
289,5940,2022-07-10,Milwaukee Brewers,Pittsburgh Pirates,0,-167.0,153.0,0.6254681647940075,0.3952569169960474,0.587659429253935,0.4123405707460649,-0.03780873554007247,0.01708365375001747,False,True,0,1,0,0,103.1511583691346,0,1856.7208506444226,0.0,57.0,64.0
290,3162,2021-07-09,Milwaukee Brewers,Cincinnati Reds,0,-105.0,-105.0,0.5121951219512195,0.5121951219512195,0.4996574560401918,0.5003425439598082,-0.012537665911027729,-0.011852577991411373,False,False,0,0,0,0,0.0,0,1856.7208506444226,0.0,57.0,64.0
291,5048,2022-05-07,Seattle Mariners,Tampa Bay Rays,0,125.0,-135.0,0.4444444444444444,0.574468085106383,0.4070119387926685,0.5929880612073315,-0.037432505651775916,0.018519976100948465,False,True,0,1,0,0,92.83604253222114,0,1763.8848081122014,0.0,57.0,65.0
292,6039,2022-07-17,Miami Marlins,Philadelphia Phillies,0,139.0,-152.0,0.4184100418410041,0.6031746031746031,0.4070119387926685,0.5929880612073315,-0.011398103048335606,-0.010186541967271645,False,False,0,0,0,0,0.0,0,1763.8848081122014,0.0,57.0,65.0
293,487,2020-08-02,Chicago Cubs,Pittsburgh Pirates,1,-196.0,179.0,0.6621621621621622,0.3584229390681003,0.6605985512771635,0.3394014487228364,-0.0015636108849986785,-0.019021490345263903,False,False,0,0,0,0,0.0,0,1763.8848081122014,0.0,57.0,65.0
294,5714,2022-06-24,Kansas City Royals,Oakland Athletics,1,-132.0,122.0,0.5689655172413793,0.4504504504504504,0.5740623237450648,0.4259376762549351,0.0050968065036854915,-0.024512774195515286,False,False,0,0,0,0,0.0,0,1763.8848081122014,0.0,57.0,65.0
295,1241,2020-09-22,San Diego Padres,Los Angeles Angels,0,-161.0,148.0,0.6168582375478927,0.4032258064516129,0.587659429253935,0.4123405707460649,-0.029198808293957712,0.009114764294452016,False,False,0,0,0,0,0.0,0,1763.8848081122014,0.0,57.0,65.0
296,5845,2022-07-03,Los Angeles Dodgers,San Diego Padres,0,-185.0,170.0,0.6491228070175439,0.3703703703703703,0.6295681063122924,0.3704318936877076,-0.01955470070525145,6.152331733733085e-05,False,False,0,0,0,0,0.0,0,1763.8848081122014,0.0,57.0,65.0
297,3969,2021-09-09,Baltimore Orioles,Kansas City Royals,0,-110.0,100.0,0.5238095238095238,0.5,0.5390752471446396,0.4609247528553604,0.015265723335115777,-0.03907524714463961,True,False,1,0,0,0,88.19424040561007,0,1852.0790485178115,88.19424040561007,58.0,65.0
298,8749,2023-06-20,Tampa Bay Rays,Baltimore Orioles,0,-175.0,161.0,0.6363636363636364,0.3831417624521073,0.587659429253935,0.4123405707460649,-0.04870420710970136,0.0291988082939576,False,True,0,1,0,0,88.19424040561007,0,1763.8848081122014,0.0,58.0,66.0
299,5550,2022-06-12,New York Yankees,Chicago Cubs,1,-227.0,208.0,0.6941896024464832,0.3246753246753247,0.7627549057329742,0.2372450942670257,0.06856530328649102,-0.08743023040829898,True,False,0,1,0,0,88.19424040561007,0,1675.6905677065913,0.0,58.0,67.0
300,5712,2022-06-24,Atlanta Braves,Los Angeles Dodgers,0,120.0,-130.0,0.4545454545454545,0.5652173913043478,0.4187078452254171,0.5812921547745828,-0.03583760932003738,0.016074763470235065,False,True,0,1,0,0,83.78452838532957,0,1591.9060393212617,0.0,58.0,68.0
301,6310,2022-08-09,Boston Red Sox,Atlanta Braves,0,135.0,-145.0,0.425531914893617,0.5918367346938775,0.4070119387926685,0.5929880612073315,-0.01851997610094852,0.001151326513453954,False,False,0,0,0,0,0.0,0,1591.9060393212617,0.0,58.0,68.0
302,8526,2023-06-03,Miami Marlins,Oakland Athletics,1,-194.0,178.0,0.6598639455782312,0.3597122302158273,0.6605985512771635,0.3394014487228364,0.0007346056989322447,-0.020310781492990926,False,False,0,0,0,0,0.0,0,1591.9060393212617,0.0,58.0,68.0
303,6347,2022-08-12,New York Mets,Philadelphia Phillies,0,-200.0,184.0,0.6666666666666666,0.352112676056338,0.6605985512771635,0.3394014487228364,-0.006068115389503137,-0.012711227333501607,False,False,0,0,0,0,0.0,0,1591.9060393212617,0.0,58.0,68.0
304,5987,2022-07-13,Chicago Cubs,Baltimore Orioles,0,-135.0,125.0,0.574468085106383,0.4444444444444444,0.587659429253935,0.4123405707460649,0.013191344147551964,-0.032103873698379526,True,False,1,0,0,0,83.78452838532957,0,1696.6366998029237,104.73066048166196,59.0,68.0
305,6624,2022-09-01,Cleveland Guardians,Baltimore Orioles,0,-172.0,159.0,0.6323529411764706,0.3861003861003861,0.587659429253935,0.4123405707460649,-0.04469351192253557,0.026240184645678788,False,True,0,1,0,0,84.83183499014619,0,1611.8048648127774,0.0,59.0,69.0
306,5865,2022-07-05,Baltimore Orioles,Texas Rangers,1,-106.0,-104.0,0.5145631067961165,0.5098039215686274,0.5390752471446396,0.4609247528553604,0.024512140348523115,-0.04887916871326703,True,False,0,1,0,0,84.83183499014619,0,1526.9730298226311,0.0,59.0,70.0
307,6664,2022-09-04,Detroit Tigers,Kansas City Royals,0,-118.0,107.0,0.5412844036697247,0.4830917874396135,0.5415113871635611,0.4584886128364389,0.0002269834938363191,-0.024603174603174627,False,False,0,0,0,0,0.0,0,1526.9730298226311,0.0,59.0,70.0
308,5094,2022-05-10,Seattle Mariners,Philadelphia Phillies,1,111.0,-120.0,0.4739336492890995,0.5454545454545454,0.4522471910112359,0.5477528089887641,-0.021686458277863585,0.002298263534218692,False,False,0,0,0,0,0.0,0,1526.9730298226311,0.0,59.0,70.0
309,8859,2023-06-28,Texas Rangers,Detroit Tigers,1,-208.0,190.0,0.6753246753246753,0.3448275862068966,0.728777450016388,0.2712225499836119,0.05345277469171272,-0.07360503622328468,True,False,0,1,0,0,84.83183499014619,0,1442.1411948324849,0.0,59.0,71.0
310,3158,2021-07-09,Miami Marlins,Atlanta Braves,0,116.0,-127.0,0.4629629629629629,0.5594713656387665,0.4296316904189252,0.5703683095810748,-0.03333127254403773,0.010896943942308224,False,True,0,1,0,0,72.10705974162424,0,1370.0341350908607,0.0,59.0,72.0
311,7027,2022-10-01,New York Yankees,Baltimore Orioles,1,-208.0,190.0,0.6753246753246753,0.3448275862068966,0.728777450016388,0.2712225499836119,0.05345277469171272,-0.07360503622328468,True,False,0,1,0,0,72.10705974162424,0,1297.9270753492365,0.0,59.0,73.0
312,2007,2021-04-17,New York Yankees,Tampa Bay Rays,0,-105.0,-105.0,0.5121951219512195,0.5121951219512195,0.4996574560401918,0.5003425439598082,-0.012537665911027729,-0.011852577991411373,False,False,0,0,0,0,0.0,0,1297.9270753492365,0.0,59.0,73.0
313,3544,2021-08-09,San Diego Padres,Miami Marlins,1,-227.0,204.0,0.6941896024464832,0.3289473684210526,0.7627549057329742,0.2372450942670257,0.06856530328649102,-0.0917022741540269,True,False,0,1,0,0,72.10705974162424,0,1225.8200156076123,0.0,59.0,74.0
314,8255,2023-05-14,Minnesota Twins,Chicago Cubs,1,-113.0,103.0,0.5305164319248826,0.4926108374384236,0.5390752471446396,0.4609247528553604,0.008558815219756988,-0.03168608458306321,False,False,0,0,0,0,0.0,0,1225.8200156076123,0.0,59.0,74.0
315,8031,2023-04-28,Minnesota Twins,Kansas City Royals,1,-260.0,233.0,0.7222222222222222,0.3003003003003003,0.7679841897233202,0.2320158102766798,0.045761967501097955,-0.0682844900236205,True,False,0,1,0,0,61.291000780380614,0,1164.5290148272315,0.0,59.0,75.0
316,8010,2023-04-26,Milwaukee Brewers,Detroit Tigers,1,-215.0,196.0,0.6825396825396826,0.3378378378378378,0.7627549057329742,0.2372450942670257,0.08021522319329166,-0.10059274357081208,True,False,0,1,0,0,61.291000780380614,0,1103.2380140468508,0.0,59.0,76.0
317,4755,2022-04-16,Colorado Rockies,Chicago Cubs,1,-130.0,120.0,0.5652173913043478,0.4545454545454545,0.5655193236714976,0.4344806763285024,0.0003019323671498153,-0.020064778216952073,False,False,0,0,0,0,0.0,0,1103.2380140468508,0.0,59.0,76.0
318,3059,2021-07-02,Atlanta Braves,Miami Marlins,1,-130.0,120.0,0.5652173913043478,0.4545454545454545,0.5655193236714976,0.4344806763285024,0.0003019323671498153,-0.020064778216952073,False,False,0,0,0,0,0.0,0,1103.2380140468508,0.0,59.0,76.0
319,3796,2021-08-27,Seattle Mariners,Kansas City Royals,0,-161.0,148.0,0.6168582375478927,0.4032258064516129,0.587659429253935,0.4123405707460649,-0.029198808293957712,0.009114764294452016,False,False,0,0,0,0,0.0,0,1103.2380140468508,0.0,59.0,76.0
320,6519,2022-08-24,Seattle Mariners,Washington Nationals,0,-286.0,253.0,0.7409326424870466,0.28328611898017,0.7946708463949843,0.2053291536050157,0.05373820390793771,-0.07795696537515429,True,False,1,0,0,0,55.16190070234254,0,1242.7976228237774,139.5596087769266,60.0,76.0
321,517,2020-08-04,San Diego Padres,Los Angeles Dodgers,0,112.0,-122.0,0.4716981132075472,0.5495495495495496,0.4522471910112359,0.5477528089887641,-0.019450922196311282,-0.0017967405607854925,False,False,0,0,0,0,0.0,0,1242.7976228237774,0.0,60.0,76.0
322,1278,2020-09-25,New York Yankees,Miami Marlins,0,-179.0,165.0,0.6415770609318996,0.3773584905660377,0.587659429253935,0.4123405707460649,-0.053917631677964595,0.034982080180027186,False,True,0,1,0,0,55.16190070234254,0,1187.6357221214348,0.0,60.0,77.0
323,8421,2023-05-26,Los Angeles Angels,Miami Marlins,0,-145.0,134.0,0.5918367346938775,0.4273504273504273,0.587659429253935,0.4123405707460649,-0.004177305439942547,-0.015009856604362382,False,False,0,0,0,0,0.0,0,1187.6357221214348,0.0,60.0,77.0
324,7858,2023-04-15,Oakland Athletics,New York Mets,0,164.0,-178.0,0.3787878787878788,0.6402877697841727,0.3964856230031949,0.6035143769968051,0.017697744215316114,-0.036773392787367576,True,False,1,0,0,0,55.16190070234254,0,1218.6255539766835,30.98983185524862,61.0,77.0
325,1147,2020-09-16,Miami Marlins,Boston Red Sox,1,-135.0,126.0,0.574468085106383,0.4424778761061947,0.587659429253935,0.4123405707460649,0.013191344147551964,-0.030137305360129818,True,False,0,1,0,0,60.93127769883418,0,1157.6942762778492,0.0,61.0,78.0
326,4033,2021-09-14,Baltimore Orioles,New York Yankees,0,287.0,-323.0,0.2583979328165374,0.7635933806146572,0.2386363636363636,0.7613636363636364,-0.0197615691801738,-0.0022297442510208487,False,False,0,0,0,0,0.0,0,1157.6942762778492,0.0,61.0,78.0
327,7036,2022-10-01,Houston Astros,Tampa Bay Rays,1,-149.0,138.0,0.5983935742971888,0.4201680672268907,0.587659429253935,0.4123405707460649,-0.010734145043253762,-0.007827496480825813,False,False,0,0,0,0,0.0,0,1157.6942762778492,0.0,61.0,78.0
328,3174,2021-07-10,Boston Red Sox,Philadelphia Phillies,0,-145.0,134.0,0.5918367346938775,0.4273504273504273,0.587659429253935,0.4123405707460649,-0.004177305439942547,-0.015009856604362382,False,False,0,0,0,0,0.0,0,1157.6942762778492,0.0,61.0,78.0
329,4779,2022-04-18,San Diego Padres,Cincinnati Reds,1,-167.0,154.0,0.6254681647940075,0.3937007874015748,0.587659429253935,0.4123405707460649,-0.03780873554007247,0.01863978334449007,False,True,1,0,0,0,60.93127769883418,0,1194.1800713070913,36.48579502924202,62.0,78.0
330,3331,2021-07-24,Los Angeles Dodgers,Colorado Rockies,1,-233.0,209.0,0.6996996996996997,0.3236245954692556,0.7627549057329742,0.2372450942670257,0.06305520603327452,-0.0863795012022299,True,False,0,1,0,0,59.70900356535457,0,1134.4710677417368,0.0,62.0,79.0
331,2802,2021-06-13,Los Angeles Dodgers,Texas Rangers,1,-244.0,218.0,0.7093023255813954,0.3144654088050314,0.7627549057329742,0.2372450942670257,0.05345258015157883,-0.07722031453800568,True,False,0,1,0,0,59.70900356535457,0,1074.7620641763822,0.0,62.0,80.0
332,3489,2021-08-05,New York Yankees,Seattle Mariners,1,-227.0,204.0,0.6941896024464832,0.3289473684210526,0.7627549057329742,0.2372450942670257,0.06856530328649102,-0.0917022741540269,True,False,0,1,0,0,59.70900356535457,0,1015.0530606110276,0.0,62.0,81.0
333,4928,2022-04-29,New York Mets,Philadelphia Phillies,1,-115.0,105.0,0.5348837209302325,0.4878048780487805,0.5415113871635611,0.4584886128364389,0.006627666233328555,-0.029316265212341597,False,False,0,0,0,0,0.0,0,1015.0530606110276,0.0,62.0,81.0
334,4980,2022-05-03,Baltimore Orioles,Minnesota Twins,0,145.0,-156.0,0.4081632653061224,0.609375,0.4070119387926685,0.5929880612073315,-0.0011513265134538986,-0.016386938792668504,False,False,0,0,0,0,0.0,0,1015.0530606110276,0.0,62.0,81.0
335,6693,2022-09-06,Kansas City Royals,Cleveland Guardians,0,173.0,-189.0,0.3663003663003663,0.6539792387543253,0.3785714285714285,0.6214285714285714,0.012271062271062227,-0.032550667325753846,True,False,1,0,0,0,50.752653030551386,0,1041.906316182748,26.853255571720307,63.0,81.0
336,7908,2023-04-18,San Diego Padres,Atlanta Braves,0,124.0,-134.0,0.4464285714285714,0.5726495726495726,0.4070119387926685,0.5929880612073315,-0.03941663263590289,0.020338488557758883,False,True,0,1,0,0,50.752653030551386,0,991.1536631521966,0.0,63.0,82.0
337,6578,2022-08-28,Texas Rangers,Detroit Tigers,0,-156.0,145.0,0.609375,0.4081632653061224,0.587659429253935,0.4123405707460649,-0.021715570746065005,0.004177305439942491,False,False,0,0,0,0,0.0,0,991.1536631521966,0.0,63.0,82.0
338,618,2020-08-11,New York Mets,Washington Nationals,0,136.0,-147.0,0.423728813559322,0.5951417004048583,0.4070119387926685,0.5929880612073315,-0.01671687476665351,-0.0021536391975267577,False,False,0,0,0,0,0.0,0,991.1536631521966,0.0,63.0,82.0
339,3485,2021-08-05,Texas Rangers,Los Angeles Angels,0,-109.0,-101.0,0.5215311004784688,0.5024875621890548,0.5390752471446396,0.4609247528553604,0.017544146666170768,-0.041562809333694384,True,False,1,0,0,0,50.752653030551386,0,1041.403814667594,50.25015151539741,64.0,82.0
340,5350,2022-05-29,Cincinnati Reds,San Francisco Giants,0,132.0,-143.0,0.4310344827586206,0.588477366255144,0.4070119387926685,0.5929880612073315,-0.024022543965952103,0.004510694952187477,False,False,0,0,0,0,0.0,0,1041.403814667594,0.0,64.0,82.0
341,1096,2020-09-12,Arizona Diamondbacks,Seattle Mariners,0,-149.0,138.0,0.5983935742971888,0.4201680672268907,0.587659429253935,0.4123405707460649,-0.010734145043253762,-0.007827496480825813,False,False,0,0,0,0,0.0,0,1041.403814667594,0.0,64.0,82.0
342,5078,2022-05-09,Seattle Mariners,Philadelphia Phillies,0,-115.0,105.0,0.5348837209302325,0.4878048780487805,0.5415113871635611,0.4584886128364389,0.006627666233328555,-0.029316265212341597,False,False,0,0,0,0,0.0,0,1041.403814667594,0.0,64.0,82.0
343,3652,2021-08-17,Detroit Tigers,Los Angeles Angels,0,-123.0,113.0,0.5515695067264574,0.4694835680751174,0.5415113871635611,0.4584886128364389,-0.010058119562896373,-0.010994955238678494,False,False,0,0,0,0,0.0,0,1041.403814667594,0.0,64.0,82.0
344,3805,2021-08-28,Texas Rangers,Houston Astros,0,204.0,-227.0,0.3289473684210526,0.6941896024464832,0.2457118353344768,0.7542881646655232,-0.0832355330865758,0.060098562219039975,False,True,0,1,0,0,52.0701907333797,0,989.3336239342142,0.0,64.0,83.0
345,4030,2021-09-14,Detroit Tigers,Milwaukee Brewers,1,187.0,-204.0,0.3484320557491289,0.6710526315789473,0.3106469002695418,0.6893530997304582,-0.03778515547958711,0.018300468151510874,False,True,1,0,0,0,49.46668119671071,0,1081.8363177720632,92.50269383784904,65.0,83.0
346,6303,2022-08-08,Seattle Mariners,New York Yankees,0,109.0,-119.0,0.4784688995215311,0.54337899543379,0.4522471910112359,0.5477528089887641,-0.026221708510295205,0.004373813554974126,False,False,0,0,0,0,0.0,0,1081.8363177720632,0.0,65.0,83.0
347,6845,2022-09-17,Houston Astros,Oakland Athletics,0,-263.0,237.0,0.7245179063360881,0.2967359050445103,0.7679841897233202,0.2320158102766798,0.04346628338723202,-0.0647200947678305,True,False,1,0,0,0,49.46668119671071,0,1199.0723522082676,117.23603443620439,66.0,83.0
348,6068,2022-07-22,Seattle Mariners,Houston Astros,0,103.0,-112.0,0.4926108374384236,0.5283018867924528,0.4745253777605579,0.5254746222394421,-0.01808545967786568,-0.0028272645530107443,False,False,0,0,0,0,0.0,0,1199.0723522082676,0.0,66.0,83.0
349,6233,2022-08-03,Pittsburgh Pirates,Milwaukee Brewers,1,188.0,-204.0,0.3472222222222222,0.6710526315789473,0.3106469002695418,0.6893530997304582,-0.03657532195268043,0.018300468151510874,False,True,1,0,0,0,49.46668119671071,0,1292.0697128580837,92.99736064981613,67.0,83.0
350,6665,2022-09-04,New York Mets,Washington Nationals,0,-294.0,258.0,0.7461928934010152,0.2793296089385474,0.7946708463949843,0.2053291536050157,0.048477952993969065,-0.07400045533353172,True,False,1,0,0,0,64.60348564290419,0,1458.7467058167765,166.6769929586928,68.0,83.0
351,1236,2020-09-22,New York Mets,Tampa Bay Rays,1,118.0,-128.0,0.4587155963302752,0.5614035087719298,0.4296316904189252,0.5703683095810748,-0.029083905911350016,0.008964800809144968,False,False,0,0,0,0,0.0,0,1458.7467058167765,0.0,68.0,83.0
352,5719,2022-06-24,Los Angeles Angels,Seattle Mariners,0,-152.0,140.0,0.6031746031746031,0.4166666666666667,0.587659429253935,0.4123405707460649,-0.015515173920668146,-0.004326095920601791,False,False,0,0,0,0,0.0,0,1458.7467058167765,0.0,68.0,83.0
353,8094,2023-05-02,Houston Astros,San Francisco Giants,0,-166.0,153.0,0.6240601503759399,0.3952569169960474,0.587659429253935,0.4123405707460649,-0.036400721122004875,0.01708365375001747,False,True,0,1,0,0,64.60348564290419,0,1394.1432201738724,0.0,68.0,84.0
354,1316,2020-09-27,Oakland Athletics,Seattle Mariners,1,-122.0,112.0,0.5495495495495496,0.4716981132075472,0.5415113871635611,0.4584886128364389,-0.008038162385988534,-0.013209500371108296,False,False,0,0,0,0,0.0,0,1394.1432201738724,0.0,68.0,84.0
355,8357,2023-05-21,San Diego Padres,Boston Red Sox,1,-141.0,130.0,0.5850622406639004,0.4347826086956521,0.587659429253935,0.4123405707460649,0.0025971885900345493,-0.022442037949587212,False,False,0,0,0,0,0.0,0,1394.1432201738724,0.0,68.0,84.0
356,2715,2021-06-06,New York Yankees,Boston Red Sox,0,-145.0,134.0,0.5918367346938775,0.4273504273504273,0.587659429253935,0.4123405707460649,-0.004177305439942547,-0.015009856604362382,False,False,0,0,0,0,0.0,0,1394.1432201738724,0.0,68.0,84.0
357,1902,2021-04-09,Houston Astros,Oakland Athletics,0,-172.0,157.0,0.6323529411764706,0.3891050583657587,0.587659429253935,0.4123405707460649,-0.04469351192253557,0.02323551238030619,False,True,0,1,0,0,69.70716100869362,0,1324.4360591651787,0.0,68.0,85.0
358,6619,2022-08-31,Arizona Diamondbacks,Philadelphia Phillies,0,123.0,-133.0,0.4484304932735426,0.5708154506437768,0.4187078452254171,0.5812921547745828,-0.029722648048125522,0.010476704130806036,False,True,0,1,0,0,69.70716100869362,0,1254.728898156485,0.0,68.0,86.0
359,8902,2023-07-01,New York Mets,San Francisco Giants,1,-139.0,129.0,0.5815899581589958,0.4366812227074236,0.587659429253935,0.4123405707460649,0.006069471094939161,-0.024340651961358706,False,False,0,0,0,0,0.0,0,1254.728898156485,0.0,68.0,86.0
360,8823,2023-06-25,Miami Marlins,Pittsburgh Pirates,1,-161.0,148.0,0.6168582375478927,0.4032258064516129,0.587659429253935,0.4123405707460649,-0.029198808293957712,0.009114764294452016,False,False,0,0,0,0,0.0,0,1254.728898156485,0.0,68.0,86.0
361,4981,2022-05-03,Toronto Blue Jays,New York Yankees,0,-128.0,118.0,0.5614035087719298,0.4587155963302752,0.5655193236714976,0.4344806763285024,0.0041158148995678046,-0.024234920001772797,False,False,0,0,0,0,0.0,0,1254.728898156485,0.0,68.0,86.0
362,6242,2022-08-04,Los Angeles Angels,Oakland Athletics,0,-114.0,104.0,0.5327102803738317,0.4901960784313725,0.5390752471446396,0.4609247528553604,0.006364966770807889,-0.029271325576012086,False,False,0,0,0,0,0.0,0,1254.728898156485,0.0,68.0,86.0
363,8751,2023-06-20,Miami Marlins,Toronto Blue Jays,0,-113.0,103.0,0.5305164319248826,0.4926108374384236,0.5390752471446396,0.4609247528553604,0.008558815219756988,-0.03168608458306321,False,False,0,0,0,0,0.0,0,1254.728898156485,0.0,68.0,86.0
364,8058,2023-04-29,Milwaukee Brewers,Los Angeles Angels,1,-142.0,131.0,0.5867768595041323,0.4329004329004329,0.587659429253935,0.4123405707460649,0.0008825697498027196,-0.020559862154368003,False,False,0,0,0,0,0.0,0,1254.728898156485,0.0,68.0,86.0
365,4851,2022-04-23,Houston Astros,Toronto Blue Jays,0,112.0,-122.0,0.4716981132075472,0.5495495495495496,0.4522471910112359,0.5477528089887641,-0.019450922196311282,-0.0017967405607854925,False,False,0,0,0,0,0.0,0,1254.728898156485,0.0,68.0,86.0
366,4908,2022-04-27,Los Angeles Angels,Cleveland Guardians,1,-196.0,179.0,0.6621621621621622,0.3584229390681003,0.6605985512771635,0.3394014487228364,-0.0015636108849986785,-0.019021490345263903,False,False,0,0,0,0,0.0,0,1254.728898156485,0.0,68.0,86.0
367,466,2020-08-01,Los Angeles Angels,Houston Astros,1,144.0,-156.0,0.4098360655737705,0.609375,0.4070119387926685,0.5929880612073315,-0.0028241267811019988,-0.016386938792668504,False,False,0,0,0,0,0.0,0,1254.728898156485,0.0,68.0,86.0
368,7930,2023-04-20,Chicago Cubs,Los Angeles Dodgers,0,-115.0,105.0,0.5348837209302325,0.4878048780487805,0.5415113871635611,0.4584886128364389,0.006627666233328555,-0.029316265212341597,False,False,0,0,0,0,0.0,0,1254.728898156485,0.0,68.0,86.0
369,1939,2021-04-12,Houston Astros,Detroit Tigers,0,-227.0,204.0,0.6941896024464832,0.3289473684210526,0.7627549057329742,0.2372450942670257,0.06856530328649102,-0.0917022741540269,True,False,1,0,0,0,62.73644490782425,0,1382.7112457684466,127.98234761196147,69.0,86.0
370,6518,2022-08-24,San Diego Padres,Cleveland Guardians,0,-161.0,148.0,0.6168582375478927,0.4032258064516129,0.587659429253935,0.4123405707460649,-0.029198808293957712,0.009114764294452016,False,False,0,0,0,0,0.0,0,1382.7112457684466,0.0,69.0,86.0
371,1937,2021-04-12,Milwaukee Brewers,Chicago Cubs,1,-123.0,114.0,0.5515695067264574,0.4672897196261682,0.5415113871635611,0.4584886128364389,-0.010058119562896373,-0.00880110678972934,False,False,0,0,0,0,0.0,0,1382.7112457684466,0.0,69.0,86.0
372,6128,2022-07-27,Philadelphia Phillies,Atlanta Braves,1,143.0,-154.0,0.411522633744856,0.6062992125984252,0.4070119387926685,0.5929880612073315,-0.004510694952187477,-0.013311151391093734,False,False,0,0,0,0,0.0,0,1382.7112457684466,0.0,69.0,86.0
373,7887,2023-04-17,Colorado Rockies,Pittsburgh Pirates,0,-137.0,127.0,0.5780590717299579,0.4405286343612334,0.587659429253935,0.4123405707460649,0.009600357523977143,-0.028188063615168513,False,False,0,0,0,0,0.0,0,1382.7112457684466,0.0,69.0,86.0
374,2742,2021-06-09,Tampa Bay Rays,Washington Nationals,0,-149.0,138.0,0.5983935742971888,0.4201680672268907,0.587659429253935,0.4123405707460649,-0.010734145043253762,-0.007827496480825813,False,False,0,0,0,0,0.0,0,1382.7112457684466,0.0,69.0,86.0
375,7973,2023-04-23,Chicago Cubs,Los Angeles Dodgers,0,121.0,-131.0,0.4524886877828054,0.5670995670995671,0.4187078452254171,0.5812921547745828,-0.03378084255738828,0.014192587675015744,False,True,0,1,0,0,69.13556228842234,0,1313.5756834800243,0.0,69.0,87.0
376,2301,2021-05-08,Oakland Athletics,Tampa Bay Rays,1,120.0,-130.0,0.4545454545454545,0.5652173913043478,0.4187078452254171,0.5812921547745828,-0.03583760932003738,0.016074763470235065,False,True,1,0,0,0,69.13556228842234,0,1396.538358226131,82.9626747461068,70.0,87.0
377,8627,2023-06-10,Los Angeles Angels,Seattle Mariners,0,-142.0,131.0,0.5867768595041323,0.4329004329004329,0.587659429253935,0.4123405707460649,0.0008825697498027196,-0.020559862154368003,False,False,0,0,0,0,0.0,0,1396.538358226131,0.0,70.0,87.0
378,6199,2022-08-01,New York Yankees,Seattle Mariners,1,-179.0,164.0,0.6415770609318996,0.3787878787878788,0.587659429253935,0.4123405707460649,-0.053917631677964595,0.03355269195818611,False,True,1,0,0,0,69.13556228842234,0,1435.1615773816743,38.623219155543204,71.0,87.0
379,6641,2022-09-02,Los Angeles Dodgers,San Diego Padres,0,-161.0,148.0,0.6168582375478927,0.4032258064516129,0.587659429253935,0.4123405707460649,-0.029198808293957712,0.009114764294452016,False,False,0,0,0,0,0.0,0,1435.1615773816743,0.0,71.0,87.0
380,3076,2021-07-03,Washington Nationals,Los Angeles Dodgers,0,177.0,-192.0,0.3610108303249097,0.6575342465753424,0.3785714285714285,0.6214285714285714,0.017560598246518788,-0.03610567514677099,True,False,1,0,0,0,71.75807886908372,0,1472.5355767926553,37.37399941098111,72.0,87.0
381,4043,2021-09-15,Washington Nationals,Miami Marlins,0,110.0,-120.0,0.4761904761904761,0.5454545454545454,0.4522471910112359,0.5477528089887641,-0.023943285179240215,0.002298263534218692,False,False,0,0,0,0,0.0,0,1472.5355767926553,0.0,72.0,87.0
382,8592,2023-06-08,Philadelphia Phillies,Detroit Tigers,1,-240.0,216.0,0.7058823529411765,0.3164556962025316,0.7627549057329742,0.2372450942670257,0.056872552791797704,-0.07921060193550591,True,False,0,1,0,0,71.75807886908372,0,1400.7774979235717,0.0,72.0,88.0
383,6872,2022-09-19,Atlanta Braves,Washington Nationals,1,-325.0,287.0,0.7647058823529411,0.2583979328165374,0.7946708463949843,0.2053291536050157,0.029964964042043185,-0.0530687792115217,True,False,0,1,0,0,71.75807886908372,0,1329.019419054488,0.0,72.0,89.0
384,2860,2021-06-18,New York Yankees,Oakland Athletics,0,-130.0,120.0,0.5652173913043478,0.4545454545454545,0.5655193236714976,0.4344806763285024,0.0003019323671498153,-0.020064778216952073,False,False,0,0,0,0,0.0,0,1329.019419054488,0.0,72.0,89.0
385,6790,2022-09-13,Minnesota Twins,Kansas City Royals,1,-175.0,162.0,0.6363636363636364,0.3816793893129771,0.587659429253935,0.4123405707460649,-0.04870420710970136,0.03066118143308777,False,True,1,0,0,0,66.4509709527244,0,1366.9914024560449,37.9719834015568,73.0,89.0
386,6329,2022-08-10,Houston Astros,Texas Rangers,0,-312.0,275.0,0.7572815533980582,0.2666666666666666,0.7946708463949843,0.2053291536050157,0.03738929299692606,-0.06133751306165092,True,False,1,0,0,0,66.4509709527244,0,1549.731572576037,182.74017011999211,74.0,89.0
387,7766,2023-04-08,Atlanta Braves,San Diego Padres,0,-155.0,143.0,0.6078431372549019,0.411522633744856,0.587659429253935,0.4123405707460649,-0.020183708000966916,0.0008179370012089127,False,False,0,0,0,0,0.0,0,1549.731572576037,0.0,74.0,89.0
388,6823,2022-09-16,Boston Red Sox,Kansas City Royals,1,-200.0,182.0,0.6666666666666666,0.3546099290780142,0.6605985512771635,0.3394014487228364,-0.006068115389503137,-0.0152084803551778,False,False,0,0,0,0,0.0,0,1549.731572576037,0.0,74.0,89.0
389,5810,2022-07-01,Houston Astros,Los Angeles Angels,1,-159.0,146.0,0.6138996138996139,0.4065040650406504,0.587659429253935,0.4123405707460649,-0.0262401846456789,0.005836505705414496,False,False,0,0,0,0,0.0,0,1549.731572576037,0.0,74.0,89.0
390,6479,2022-08-21,Tampa Bay Rays,Kansas City Royals,1,-164.0,152.0,0.6212121212121212,0.3968253968253968,0.587659429253935,0.4123405707460649,-0.03355269195818622,0.01551517392066809,False,True,1,0,0,0,77.48657862880185,0,1596.979486374087,47.24791379804991,75.0,89.0
391,3083,2021-07-04,Philadelphia Phillies,San Diego Padres,0,113.0,-123.0,0.4694835680751174,0.5515695067264574,0.4522471910112359,0.5477528089887641,-0.01723637706388148,-0.003816697737693331,False,False,0,0,0,0,0.0,0,1596.979486374087,0.0,75.0,89.0
392,6438,2022-08-18,Pittsburgh Pirates,Boston Red Sox,1,141.0,-154.0,0.4149377593360996,0.6062992125984252,0.4070119387926685,0.5929880612073315,-0.007925820543431106,-0.013311151391093734,False,False,0,0,0,0,0.0,0,1596.979486374087,0.0,75.0,89.0
393,5261,2022-05-22,Milwaukee Brewers,Washington Nationals,0,-250.0,225.0,0.7142857142857143,0.3076923076923077,0.7627549057329742,0.2372450942670257,0.04846919144725992,-0.07044721342528201,True,False,1,0,0,0,77.48657862880185,0,1771.3242882888912,174.34480191480418,76.0,89.0
394,3341,2021-07-25,Houston Astros,Texas Rangers,1,-227.0,205.0,0.6941896024464832,0.3278688524590163,0.7627549057329742,0.2372450942670257,0.06856530328649102,-0.09062375819199062,True,False,0,1,0,0,77.48657862880185,0,1693.8377096600893,0.0,76.0,90.0
395,8598,2023-06-09,Detroit Tigers,Arizona Diamondbacks,0,130.0,-141.0,0.4347826086956521,0.5850622406639004,0.4070119387926685,0.5929880612073315,-0.027770669902983602,0.00792582054343105,False,False,0,0,0,0,0.0,0,1693.8377096600893,0.0,76.0,90.0
396,7869,2023-04-16,Toronto Blue Jays,Tampa Bay Rays,0,110.0,-120.0,0.4761904761904761,0.5454545454545454,0.4522471910112359,0.5477528089887641,-0.023943285179240215,0.002298263534218692,False,False,0,0,0,0,0.0,0,1693.8377096600893,0.0,76.0,90.0
397,6311,2022-08-09,Chicago Cubs,Washington Nationals,0,-189.0,175.0,0.6539792387543253,0.3636363636363636,0.6605985512771635,0.3394014487228364,0.0066193125228382055,-0.024234914913527195,False,False,0,0,0,0,0.0,0,1693.8377096600893,0.0,76.0,90.0
398,2320,2021-05-09,Texas Rangers,Seattle Mariners,1,-122.0,112.0,0.5495495495495496,0.4716981132075472,0.5415113871635611,0.4584886128364389,-0.008038162385988534,-0.013209500371108296,False,False,0,0,0,0,0.0,0,1693.8377096600893,0.0,76.0,90.0
399,6645,2022-09-03,Detroit Tigers,Kansas City Royals,0,-106.0,-103.0,0.5145631067961165,0.5073891625615764,0.5390752471446396,0.4609247528553604,0.024512140348523115,-0.046464409706216014,True,False,1,0,0,0,84.69188548300447,0,1776.062841196987,82.22513153689755,77.0,90.0
400,5854,2022-07-04,Milwaukee Brewers,Chicago Cubs,1,-147.0,137.0,0.5951417004048583,0.4219409282700422,0.587659429253935,0.4123405707460649,-0.007482271150923259,-0.00960035752397731,False,False,0,0,0,0,0.0,0,1776.062841196987,0.0,77.0,90.0
401,2735,2021-06-09,Oakland Athletics,Arizona Diamondbacks,1,-200.0,182.0,0.6666666666666666,0.3546099290780142,0.6605985512771635,0.3394014487228364,-0.006068115389503137,-0.0152084803551778,False,False,0,0,0,0,0.0,0,1776.062841196987,0.0,77.0,90.0
402,2072,2021-04-21,Cincinnati Reds,Arizona Diamondbacks,0,-161.0,148.0,0.6168582375478927,0.4032258064516129,0.587659429253935,0.4123405707460649,-0.029198808293957712,0.009114764294452016,False,False,0,0,0,0,0.0,0,1776.062841196987,0.0,77.0,90.0
403,2940,2021-06-24,New York Yankees,Kansas City Royals,1,-179.0,166.0,0.6415770609318996,0.3759398496240601,0.6107686729514141,0.3892313270485859,-0.030808387980485463,0.0132914774245258,False,True,1,0,0,0,88.80314205984935,0,1825.673535085171,49.61069388818399,78.0,90.0
404,3704,2021-08-21,New York Yankees,Minnesota Twins,1,-233.0,212.0,0.6996996996996997,0.3205128205128205,0.7627549057329742,0.2372450942670257,0.06305520603327452,-0.08326772624579479,True,False,0,1,0,0,88.80314205984935,0,1736.8703930253216,0.0,78.0,91.0
405,3970,2021-09-09,Philadelphia Phillies,Colorado Rockies,0,-185.0,170.0,0.6491228070175439,0.3703703703703703,0.6295681063122924,0.3704318936877076,-0.01955470070525145,6.152331733733085e-05,False,False,0,0,0,0,0.0,0,1736.8703930253216,0.0,78.0,91.0
406,4760,2022-04-17,Boston Red Sox,Minnesota Twins,1,-112.0,103.0,0.5283018867924528,0.4926108374384236,0.5390752471446396,0.4609247528553604,0.01077336035218679,-0.03168608458306321,True,False,0,1,0,0,86.84351965126609,0,1650.0268733740554,0.0,78.0,92.0
407,3246,2021-07-18,Colorado Rockies,Los Angeles Dodgers,1,152.0,-164.0,0.3968253968253968,0.6212121212121212,0.3964856230031949,0.6035143769968051,-0.00033977382220190533,-0.017697744215316114,False,False,0,0,0,0,0.0,0,1650.0268733740554,0.0,78.0,92.0
408,3723,2021-08-22,Houston Astros,Seattle Mariners,0,-179.0,163.0,0.6415770609318996,0.3802281368821292,0.587659429253935,0.4123405707460649,-0.053917631677964595,0.0321124338639357,False,True,0,1,0,0,86.84351965126609,0,1563.1833537227894,0.0,78.0,93.0
409,5276,2022-05-23,Arizona Diamondbacks,Kansas City Royals,1,-108.0,-102.0,0.5192307692307693,0.504950495049505,0.5390752471446396,0.4609247528553604,0.01984447791387034,-0.04402574219414457,True,False,0,1,0,0,86.84351965126609,0,1476.3398340715235,0.0,78.0,94.0
410,5170,2022-05-16,Toronto Blue Jays,Seattle Mariners,1,-152.0,140.0,0.6031746031746031,0.4166666666666667,0.587659429253935,0.4123405707460649,-0.015515173920668146,-0.004326095920601791,False,False,0,0,0,0,0.0,0,1476.3398340715235,0.0,78.0,94.0
411,7981,2023-04-24,Tampa Bay Rays,Houston Astros,1,-146.0,135.0,0.5934959349593496,0.425531914893617,0.587659429253935,0.4123405707460649,-0.0058365057054146074,-0.013191344147552131,False,False,0,0,0,0,0.0,0,1476.3398340715235,0.0,78.0,94.0
412,2619,2021-05-31,New York Yankees,Tampa Bay Rays,0,-109.0,-101.0,0.5215311004784688,0.5024875621890548,0.5390752471446396,0.4609247528553604,0.017544146666170768,-0.041562809333694384,True,False,1,0,0,0,73.81699170357618,0,1549.4259644711037,73.08613039958037,79.0,94.0
413,3481,2021-08-04,Los Angeles Dodgers,Houston Astros,1,-200.0,184.0,0.6666666666666666,0.352112676056338,0.6605985512771635,0.3394014487228364,-0.006068115389503137,-0.012711227333501607,False,False,0,0,0,0,0.0,0,1549.4259644711037,0.0,79.0,94.0
414,891,2020-08-29,Texas Rangers,Los Angeles Dodgers,0,140.0,-152.0,0.4166666666666667,0.6031746031746031,0.4070119387926685,0.5929880612073315,-0.009654727873998181,-0.010186541967271645,False,False,0,0,0,0,0.0,0,1549.4259644711037,0.0,79.0,94.0
415,2365,2021-05-13,Detroit Tigers,Kansas City Royals,1,-115.0,105.0,0.5348837209302325,0.4878048780487805,0.5415113871635611,0.4584886128364389,0.006627666233328555,-0.029316265212341597,False,False,0,0,0,0,0.0,0,1549.4259644711037,0.0,79.0,94.0
416,6255,2022-08-05,Detroit Tigers,Tampa Bay Rays,0,175.0,-192.0,0.3636363636363636,0.6575342465753424,0.3785714285714285,0.6214285714285714,0.014935064935064912,-0.03610567514677099,True,False,1,0,0,0,77.4712982235552,0,1589.7755989625387,40.349634491435,80.0,94.0
417,8891,2023-06-30,Seattle Mariners,Tampa Bay Rays,0,123.0,-133.0,0.4484304932735426,0.5708154506437768,0.4187078452254171,0.5812921547745828,-0.029722648048125522,0.010476704130806036,False,True,0,1,0,0,77.4712982235552,0,1512.3043007389836,0.0,80.0,95.0
418,5677,2022-06-21,Houston Astros,New York Mets,1,-123.0,114.0,0.5515695067264574,0.4672897196261682,0.5415113871635611,0.4584886128364389,-0.010058119562896373,-0.00880110678972934,False,False,0,0,0,0,0.0,0,1512.3043007389836,0.0,80.0,95.0
419,1104,2020-09-13,Kansas City Royals,Pittsburgh Pirates,1,-145.0,133.0,0.5918367346938775,0.4291845493562232,0.587659429253935,0.4123405707460649,-0.004177305439942547,-0.016843978610158294,False,False,0,0,0,0,0.0,0,1512.3043007389836,0.0,80.0,95.0
420,3323,2021-07-24,Kansas City Royals,Detroit Tigers,1,-116.0,106.0,0.5370370370370371,0.4854368932038835,0.5415113871635611,0.4584886128364389,0.004474350126523974,-0.02694828036744462,False,False,0,0,0,0,0.0,0,1512.3043007389836,0.0,80.0,95.0
421,3810,2021-08-28,Los Angeles Angels,San Diego Padres,1,112.0,-122.0,0.4716981132075472,0.5495495495495496,0.4522471910112359,0.5477528089887641,-0.019450922196311282,-0.0017967405607854925,False,False,0,0,0,0,0.0,0,1512.3043007389836,0.0,80.0,95.0
422,6893,2022-09-21,Milwaukee Brewers,New York Mets,1,115.0,-125.0,0.4651162790697674,0.5555555555555556,0.4522471910112359,0.5477528089887641,-0.012869088058531486,-0.007802746566791474,False,False,0,0,0,0,0.0,0,1512.3043007389836,0.0,80.0,95.0
423,3720,2021-08-22,Toronto Blue Jays,Detroit Tigers,0,-238.0,214.0,0.7041420118343196,0.3184713375796178,0.7627549057329742,0.2372450942670257,0.05861289389865465,-0.08122624331259212,True,False,1,0,0,0,75.61521503694918,0,1674.1208609180549,161.81656017907125,81.0,95.0
424,4848,2022-04-23,Philadelphia Phillies,Milwaukee Brewers,0,-141.0,130.0,0.5850622406639004,0.4347826086956521,0.587659429253935,0.4123405707460649,0.0025971885900345493,-0.022442037949587212,False,False,0,0,0,0,0.0,0,1674.1208609180549,0.0,81.0,95.0
425,4853,2022-04-23,Atlanta Braves,Miami Marlins,0,-152.0,140.0,0.6031746031746031,0.4166666666666667,0.587659429253935,0.4123405707460649,-0.015515173920668146,-0.004326095920601791,False,False,0,0,0,0,0.0,0,1674.1208609180549,0.0,81.0,95.0
426,3926,2021-09-06,Boston Red Sox,Tampa Bay Rays,0,-141.0,130.0,0.5850622406639004,0.4347826086956521,0.587659429253935,0.4123405707460649,0.0025971885900345493,-0.022442037949587212,False,False,0,0,0,0,0.0,0,1674.1208609180549,0.0,81.0,95.0
427,6559,2022-08-27,New York Mets,Colorado Rockies,1,-238.0,216.0,0.7041420118343196,0.3164556962025316,0.7627549057329742,0.2372450942670257,0.05861289389865465,-0.07921060193550591,True,False,0,1,0,0,83.70604304590275,0,1590.414817872152,0.0,81.0,96.0
428,5313,2022-05-26,Minnesota Twins,Kansas City Royals,0,-169.0,156.0,0.6282527881040892,0.390625,0.587659429253935,0.4123405707460649,-0.04059335885015425,0.021715570746064894,False,True,0,1,0,0,83.70604304590275,0,1506.7087748262493,0.0,81.0,97.0
429,8547,2023-06-04,Los Angeles Dodgers,New York Yankees,0,-146.0,135.0,0.5934959349593496,0.425531914893617,0.587659429253935,0.4123405707460649,-0.0058365057054146074,-0.013191344147552131,False,False,0,0,0,0,0.0,0,1506.7087748262493,0.0,81.0,97.0
430,2220,2021-05-02,Minnesota Twins,Kansas City Royals,1,-182.0,166.0,0.6453900709219859,0.3759398496240601,0.6107686729514141,0.3892313270485859,-0.03462139797057173,0.0132914774245258,False,True,1,0,0,0,75.33543874131247,0,1548.1018730357616,41.39309820951235,82.0,97.0
431,1123,2020-09-14,Baltimore Orioles,Atlanta Braves,1,149.0,-161.0,0.4016064257028112,0.6168582375478927,0.4070119387926685,0.5929880612073315,0.005405513089857317,-0.02387017634056121,False,False,0,0,0,0,0.0,0,1548.1018730357616,0.0,82.0,97.0
432,1138,2020-09-15,San Diego Padres,Los Angeles Dodgers,0,119.0,-130.0,0.45662100456621,0.5652173913043478,0.4296316904189252,0.5703683095810748,-0.026989314147284837,0.005150918276726979,False,False,0,0,0,0,0.0,0,1548.1018730357616,0.0,82.0,97.0
433,5586,2022-06-14,Los Angeles Dodgers,Los Angeles Angels,1,-196.0,181.0,0.6621621621621622,0.3558718861209964,0.6605985512771635,0.3394014487228364,-0.0015636108849986785,-0.01647043739816001,False,False,0,0,0,0,0.0,0,1548.1018730357616,0.0,82.0,97.0
434,5490,2022-06-08,Pittsburgh Pirates,Detroit Tigers,0,-109.0,-101.0,0.5215311004784688,0.5024875621890548,0.5390752471446396,0.4609247528553604,0.017544146666170768,-0.041562809333694384,True,False,1,0,0,0,75.33543874131247,0,1622.6914163439917,74.58954330823018,83.0,97.0
435,5802,2022-07-01,Toronto Blue Jays,Tampa Bay Rays,1,-135.0,126.0,0.574468085106383,0.4424778761061947,0.587659429253935,0.4123405707460649,0.013191344147551964,-0.030137305360129818,True,False,0,1,0,0,81.13457081719959,0,1541.5568455267921,0.0,83.0,98.0
436,2263,2021-05-05,New York Yankees,Houston Astros,1,-135.0,125.0,0.574468085106383,0.4444444444444444,0.587659429253935,0.4123405707460649,0.013191344147551964,-0.032103873698379526,True,False,0,1,0,0,81.13457081719959,0,1460.4222747095926,0.0,83.0,99.0
437,7805,2023-04-11,New York Mets,San Diego Padres,0,-136.0,126.0,0.576271186440678,0.4424778761061947,0.587659429253935,0.4123405707460649,0.01138824281325701,-0.030137305360129818,True,False,1,0,0,0,81.13457081719959,0,1562.651833939264,102.22955922967148,84.0,99.0
438,8602,2023-06-09,Philadelphia Phillies,Los Angeles Dodgers,1,-105.0,-105.0,0.5121951219512195,0.5121951219512195,0.4996574560401918,0.5003425439598082,-0.012537665911027729,-0.011852577991411373,False,False,0,0,0,0,0.0,0,1562.651833939264,0.0,84.0,99.0
439,2501,2021-05-23,Washington Nationals,Baltimore Orioles,1,-182.0,167.0,0.6453900709219859,0.3745318352059925,0.6107686729514141,0.3892313270485859,-0.03462139797057173,0.014699491842593393,False,True,1,0,0,0,81.13457081719959,0,1607.2312684542087,44.57943451494483,85.0,99.0
440,7951,2023-04-22,Philadelphia Phillies,Colorado Rockies,1,-179.0,165.0,0.6415770609318996,0.3773584905660377,0.587659429253935,0.4123405707460649,-0.053917631677964595,0.034982080180027186,False,True,1,0,0,0,80.36156342271045,0,1652.1259966233206,44.89472816911198,86.0,99.0
441,2082,2021-04-22,Boston Red Sox,Seattle Mariners,0,-164.0,152.0,0.6212121212121212,0.3968253968253968,0.587659429253935,0.4123405707460649,-0.03355269195818622,0.01551517392066809,False,True,0,1,0,0,80.36156342271045,0,1571.7644332006103,0.0,86.0,100.0
442,5108,2022-05-11,Minnesota Twins,Houston Astros,0,108.0,-118.0,0.4807692307692308,0.5412844036697247,0.4522471910112359,0.5477528089887641,-0.028522039757994888,0.006468405319039361,False,False,0,0,0,0,0.0,0,1571.7644332006103,0.0,86.0,100.0
443,2906,2021-06-21,Baltimore Orioles,Houston Astros,0,150.0,-164.0,0.4,0.6212121212121212,0.4070119387926685,0.5929880612073315,0.007011938792668482,-0.02822406000478972,False,False,0,0,0,0,0.0,0,1571.7644332006103,0.0,86.0,100.0
444,6575,2022-08-28,Minnesota Twins,San Francisco Giants,1,-109.0,-101.0,0.5215311004784688,0.5024875621890548,0.5390752471446396,0.4609247528553604,0.017544146666170768,-0.041562809333694384,True,False,0,1,0,0,80.36156342271045,0,1491.4028697779,0.0,86.0,101.0
445,2431,2021-05-18,Baltimore Orioles,Tampa Bay Rays,0,131.0,-143.0,0.4329004329004329,0.588477366255144,0.4070119387926685,0.5929880612073315,-0.025888494107764393,0.004510694952187477,False,False,0,0,0,0,0.0,0,1491.4028697779,0.0,86.0,101.0
446,3012,2021-06-29,Toronto Blue Jays,Seattle Mariners,1,-192.0,176.0,0.6575342465753424,0.3623188405797101,0.6605985512771635,0.3394014487228364,0.0030643047018210634,-0.022917391856873692,False,False,0,0,0,0,0.0,0,1491.4028697779,0.0,86.0,101.0
447,5063,2022-05-08,Minnesota Twins,Oakland Athletics,1,-175.0,161.0,0.6363636363636364,0.3831417624521073,0.587659429253935,0.4123405707460649,-0.04870420710970136,0.0291988082939576,False,True,1,0,0,0,74.570143488895,0,1534.0143803429828,42.61151056508285,87.0,101.0
448,837,2020-08-26,Detroit Tigers,Chicago Cubs,1,130.0,-141.0,0.4347826086956521,0.5850622406639004,0.4070119387926685,0.5929880612073315,-0.027770669902983602,0.00792582054343105,False,False,0,0,0,0,0.0,0,1534.0143803429828,0.0,87.0,101.0
449,8290,2023-05-16,Los Angeles Dodgers,Minnesota Twins,0,-193.0,177.0,0.658703071672355,0.3610108303249097,0.6605985512771635,0.3394014487228364,0.0018954796048085143,-0.02160938160207332,False,False,0,0,0,0,0.0,0,1534.0143803429828,0.0,87.0,101.0
450,5880,2022-07-06,Oakland Athletics,Toronto Blue Jays,0,163.0,-179.0,0.3802281368821292,0.6415770609318996,0.3964856230031949,0.6035143769968051,0.0162574861210657,-0.03806268393509449,True,False,1,0,0,0,76.70071901714914,0,1576.8639440397142,42.84956369673136,88.0,101.0
451,6860,2022-09-18,Houston Astros,Oakland Athletics,1,-350.0,310.0,0.7777777777777778,0.2439024390243902,0.7946708463949843,0.2053291536050157,0.01689306861720652,-0.03857328541937452,True,False,0,1,0,0,76.70071901714914,0,1500.163225022565,0.0,88.0,102.0
452,2741,2021-06-09,Detroit Tigers,Seattle Mariners,0,-120.0,110.0,0.5454545454545454,0.4761904761904761,0.5415113871635611,0.4584886128364389,-0.00394315829098435,-0.01770186335403723,False,False,0,0,0,0,0.0,0,1500.163225022565,0.0,88.0,102.0
453,8478,2023-05-30,Seattle Mariners,New York Yankees,0,-142.0,131.0,0.5867768595041323,0.4329004329004329,0.587659429253935,0.4123405707460649,0.0008825697498027196,-0.020559862154368003,False,False,0,0,0,0,0.0,0,1500.163225022565,0.0,88.0,102.0
454,8788,2023-06-23,Cincinnati Reds,Atlanta Braves,1,140.0,-152.0,0.4166666666666667,0.6031746031746031,0.4070119387926685,0.5929880612073315,-0.009654727873998181,-0.010186541967271645,False,False,0,0,0,0,0.0,0,1500.163225022565,0.0,88.0,102.0
455,5696,2022-06-22,Oakland Athletics,Seattle Mariners,0,122.0,-132.0,0.4504504504504504,0.5689655172413793,0.4187078452254171,0.5812921547745828,-0.031742605225033305,0.01232663753320351,False,True,0,1,0,0,75.00816125112826,0,1425.1550637714367,0.0,88.0,103.0
456,5386,2022-05-31,New York Mets,Washington Nationals,1,-169.0,156.0,0.6282527881040892,0.390625,0.587659429253935,0.4123405707460649,-0.04059335885015425,0.021715570746064894,False,True,1,0,0,0,75.00816125112826,0,1469.5385911389683,44.383527367531514,89.0,103.0
457,5916,2022-07-08,San Diego Padres,San Francisco Giants,1,-152.0,139.0,0.6031746031746031,0.4184100418410041,0.587659429253935,0.4123405707460649,-0.015515173920668146,-0.006069471094939216,False,False,0,0,0,0,0.0,0,1469.5385911389683,0.0,89.0,103.0
458,6597,2022-08-30,Atlanta Braves,Colorado Rockies,0,-357.0,319.0,0.7811816192560175,0.2386634844868735,0.7946708463949843,0.2053291536050157,0.01348922713896683,-0.033334330881857804,True,False,1,0,0,0,75.00816125112826,0,1708.8146255300674,239.27603439109913,90.0,103.0
459,8338,2023-05-20,Atlanta Braves,Seattle Mariners,0,-145.0,134.0,0.5918367346938775,0.4273504273504273,0.587659429253935,0.4123405707460649,-0.004177305439942547,-0.015009856604362382,False,False,0,0,0,0,0.0,0,1708.8146255300674,0.0,90.0,103.0
460,2479,2021-05-21,Texas Rangers,Houston Astros,1,110.0,-120.0,0.4761904761904761,0.5454545454545454,0.4522471910112359,0.5477528089887641,-0.023943285179240215,0.002298263534218692,False,False,0,0,0,0,0.0,0,1708.8146255300674,0.0,90.0,103.0
461,2132,2021-04-25,Los Angeles Dodgers,San Diego Padres,0,-120.0,111.0,0.5454545454545454,0.4739336492890995,0.5415113871635611,0.4584886128364389,-0.00394315829098435,-0.015445036452660599,False,False,0,0,0,0,0.0,0,1708.8146255300674,0.0,90.0,103.0
462,8647,2023-06-12,Kansas City Royals,Cincinnati Reds,0,-116.0,106.0,0.5370370370370371,0.4854368932038835,0.5415113871635611,0.4584886128364389,0.004474350126523974,-0.02694828036744462,False,False,0,0,0,0,0.0,0,1708.8146255300674,0.0,90.0,103.0
463,2556,2021-05-27,Miami Marlins,Philadelphia Phillies,0,-132.0,122.0,0.5689655172413793,0.4504504504504504,0.5740623237450648,0.4259376762549351,0.0050968065036854915,-0.024512774195515286,False,False,0,0,0,0,0.0,0,1708.8146255300674,0.0,90.0,103.0
464,2918,2021-06-22,Tampa Bay Rays,Boston Red Sox,0,-112.0,103.0,0.5283018867924528,0.4926108374384236,0.5390752471446396,0.4609247528553604,0.01077336035218679,-0.03168608458306321,True,False,1,0,0,0,85.44073127650337,0,1796.8185787448658,88.00395321479847,91.0,103.0
465,8418,2023-05-26,Minnesota Twins,Toronto Blue Jays,0,140.0,-152.0,0.4166666666666667,0.6031746031746031,0.4070119387926685,0.5929880612073315,-0.009654727873998181,-0.010186541967271645,False,False,0,0,0,0,0.0,0,1796.8185787448658,0.0,91.0,103.0
466,4987,2022-05-03,Colorado Rockies,Washington Nationals,0,-147.0,136.0,0.5951417004048583,0.423728813559322,0.587659429253935,0.4123405707460649,-0.007482271150923259,-0.011388242813257121,False,False,0,0,0,0,0.0,0,1796.8185787448658,0.0,91.0,103.0
467,3013,2021-06-29,Boston Red Sox,Kansas City Royals,1,-182.0,167.0,0.6453900709219859,0.3745318352059925,0.6107686729514141,0.3892313270485859,-0.03462139797057173,0.014699491842593393,False,True,1,0,0,0,89.84092893724329,0,1846.181726512582,49.3631477677161,92.0,103.0
468,7794,2023-04-10,Texas Rangers,Kansas City Royals,1,-168.0,155.0,0.6268656716417911,0.392156862745098,0.587659429253935,0.4123405707460649,-0.03920624238785608,0.020183708000966916,False,True,1,0,0,0,89.84092893724329,0,1899.6584699276077,53.476743415025766,93.0,103.0
469,2668,2021-06-03,Los Angeles Angels,Seattle Mariners,0,-147.0,137.0,0.5951417004048583,0.4219409282700422,0.587659429253935,0.4123405707460649,-0.007482271150923259,-0.00960035752397731,False,False,0,0,0,0,0.0,0,1899.6584699276077,0.0,93.0,103.0
470,6825,2022-09-16,Tampa Bay Rays,Texas Rangers,0,-139.0,129.0,0.5815899581589958,0.4366812227074236,0.587659429253935,0.4123405707460649,0.006069471094939161,-0.024340651961358706,False,False,0,0,0,0,0.0,0,1899.6584699276077,0.0,93.0,103.0
471,3639,2021-08-16,Cincinnati Reds,Chicago Cubs,1,-208.0,192.0,0.6753246753246753,0.3424657534246575,0.728777450016388,0.2712225499836119,0.05345277469171272,-0.07124320344104562,True,False,0,1,0,0,94.9829234963804,0,1804.6755464312273,0.0,93.0,104.0
472,786,2020-08-22,San Diego Padres,Houston Astros,1,-120.0,110.0,0.5454545454545454,0.4761904761904761,0.5415113871635611,0.4584886128364389,-0.00394315829098435,-0.01770186335403723,False,False,0,0,0,0,0.0,0,1804.6755464312273,0.0,93.0,104.0
473,2941,2021-06-24,Texas Rangers,Oakland Athletics,0,135.0,-145.0,0.425531914893617,0.5918367346938775,0.4070119387926685,0.5929880612073315,-0.01851997610094852,0.001151326513453954,False,False,0,0,0,0,0.0,0,1804.6755464312273,0.0,93.0,104.0
474,5975,2022-07-13,Washington Nationals,Seattle Mariners,0,-102.0,-108.0,0.504950495049505,0.5192307692307693,0.4996574560401918,0.5003425439598082,-0.005293039009313161,-0.018888225270961123,False,False,0,0,0,0,0.0,0,1804.6755464312273,0.0,93.0,104.0
475,5895,2022-07-07,Baltimore Orioles,Los Angeles Angels,1,-105.0,-105.0,0.5121951219512195,0.5121951219512195,0.4996574560401918,0.5003425439598082,-0.012537665911027729,-0.011852577991411373,False,False,0,0,0,0,0.0,0,1804.6755464312273,0.0,93.0,104.0
476,7771,2023-04-09,Detroit Tigers,Boston Red Sox,0,103.0,-113.0,0.4926108374384236,0.5305164319248826,0.4745253777605579,0.5254746222394421,-0.01808545967786568,-0.005041809685440546,False,False,0,0,0,0,0.0,0,1804.6755464312273,0.0,93.0,104.0
477,2416,2021-05-16,Colorado Rockies,Cincinnati Reds,0,100.0,-110.0,0.5,0.5238095238095238,0.4996574560401911,0.5003425439598089,-0.0003425439598089275,-0.02346697984971491,False,False,0,0,0,0,0.0,0,1804.6755464312273,0.0,93.0,104.0
478,2837,2021-06-16,Oakland Athletics,Los Angeles Angels,1,-128.0,118.0,0.5614035087719298,0.4587155963302752,0.5655193236714976,0.4344806763285024,0.0041158148995678046,-0.024234920001772797,False,False,0,0,0,0,0.0,0,1804.6755464312273,0.0,93.0,104.0
479,6120,2022-07-26,New York Mets,New York Yankees,1,105.0,-115.0,0.4878048780487805,0.5348837209302325,0.4745253777605579,0.5254746222394421,-0.013279500288222557,-0.00940909869079043,False,False,0,0,0,0,0.0,0,1804.6755464312273,0.0,93.0,104.0
480,8477,2023-05-30,Oakland Athletics,Atlanta Braves,1,225.0,-252.0,0.3076923076923077,0.7159090909090909,0.2386363636363636,0.7613636363636364,-0.06905594405594412,0.045454545454545414,False,True,1,0,0,0,90.23377732156138,0,2007.7015454047405,203.02599897351308,94.0,104.0
481,8319,2023-05-19,Atlanta Braves,Seattle Mariners,1,-141.0,130.0,0.5850622406639004,0.4347826086956521,0.587659429253935,0.4123405707460649,0.0025971885900345493,-0.022442037949587212,False,False,0,0,0,0,0.0,0,2007.7015454047405,0.0,94.0,104.0
482,3159,2021-07-09,Texas Rangers,Oakland Athletics,1,123.0,-133.0,0.4484304932735426,0.5708154506437768,0.4187078452254171,0.5812921547745828,-0.029722648048125522,0.010476704130806036,False,True,1,0,0,0,90.23377732156138,0,2118.689091510261,110.9875461055205,95.0,104.0
483,8287,2023-05-16,Oakland Athletics,Arizona Diamondbacks,1,132.0,-143.0,0.4310344827586206,0.588477366255144,0.4070119387926685,0.5929880612073315,-0.024022543965952103,0.004510694952187477,False,False,0,0,0,0,0.0,0,2118.689091510261,0.0,95.0,104.0
484,7067,2022-10-03,Seattle Mariners,Detroit Tigers,0,-240.0,216.0,0.7058823529411765,0.3164556962025316,0.7627549057329742,0.2372450942670257,0.056872552791797704,-0.07921060193550591,True,False,1,0,0,0,90.23377732156138,0,2313.5940505248336,194.9049590145726,96.0,104.0
485,8505,2023-06-02,Washington Nationals,Philadelphia Phillies,1,163.0,-177.0,0.3802281368821292,0.6389891696750902,0.3964856230031949,0.6035143769968051,0.0162574861210657,-0.03547479267828513,True,False,0,1,0,0,115.67970252624168,0,2197.914347998592,0.0,96.0,105.0
486,6979,2022-09-27,Houston Astros,Arizona Diamondbacks,1,-211.0,193.0,0.6784565916398714,0.3412969283276451,0.728777450016388,0.2712225499836119,0.050320858376516675,-0.07007437834403318,True,False,0,1,0,0,115.67970252624168,0,2082.23464547235,0.0,96.0,106.0
487,5927,2022-07-09,Atlanta Braves,Washington Nationals,1,-233.0,212.0,0.6996996996996997,0.3205128205128205,0.7627549057329742,0.2372450942670257,0.06305520603327452,-0.08326772624579479,True,False,0,1,0,0,115.67970252624168,0,1966.5549429461084,0.0,96.0,107.0
488,2488,2021-05-22,Washington Nationals,Baltimore Orioles,1,-152.0,140.0,0.6031746031746031,0.4166666666666667,0.587659429253935,0.4123405707460649,-0.015515173920668146,-0.004326095920601791,False,False,0,0,0,0,0.0,0,1966.5549429461084,0.0,96.0,107.0
489,2118,2021-04-25,Detroit Tigers,Kansas City Royals,0,110.0,-120.0,0.4761904761904761,0.5454545454545454,0.4522471910112359,0.5477528089887641,-0.023943285179240215,0.002298263534218692,False,False,0,0,0,0,0.0,0,1966.5549429461084,0.0,96.0,107.0
490,7759,2023-04-08,Detroit Tigers,Boston Red Sox,0,139.0,-151.0,0.4184100418410041,0.601593625498008,0.4070119387926685,0.5929880612073315,-0.011398103048335606,-0.008605564290676493,False,False,0,0,0,0,0.0,0,1966.5549429461084,0.0,96.0,107.0
491,2538,2021-05-25,Arizona Diamondbacks,San Francisco Giants,0,152.0,-164.0,0.3968253968253968,0.6212121212121212,0.3964856230031949,0.6035143769968051,-0.00033977382220190533,-0.017697744215316114,False,False,0,0,0,0,0.0,0,1966.5549429461084,0.0,96.0,107.0
492,6590,2022-08-30,Cleveland Guardians,Baltimore Orioles,1,-147.0,138.0,0.5951417004048583,0.4201680672268907,0.587659429253935,0.4123405707460649,-0.007482271150923259,-0.007827496480825813,False,False,0,0,0,0,0.0,0,1966.5549429461084,0.0,96.0,107.0
493,1201,2020-09-19,Seattle Mariners,San Diego Padres,1,168.0,-182.0,0.373134328358209,0.6453900709219859,0.3964856230031949,0.6035143769968051,0.02335129464498592,-0.04187569392518076,True,False,0,1,0,0,98.32774714730543,0,1868.227195798803,0.0,96.0,108.0
494,8025,2023-04-27,Los Angeles Angels,Oakland Athletics,1,-300.0,266.0,0.75,0.273224043715847,0.7946708463949843,0.2053291536050157,0.04467084639498431,-0.06789489011083133,True,False,0,1,0,0,98.32774714730543,0,1769.8994486514976,0.0,96.0,109.0
495,8879,2023-06-30,Cincinnati Reds,San Diego Padres,1,120.0,-130.0,0.4545454545454545,0.5652173913043478,0.4187078452254171,0.5812921547745828,-0.03583760932003738,0.016074763470235065,False,True,1,0,0,0,88.49497243257488,0,1876.0934155705875,106.19396691908986,97.0,109.0
496,5156,2022-05-15,New York Mets,Seattle Mariners,0,-125.0,115.0,0.5555555555555556,0.4651162790697674,0.5415113871635611,0.4584886128364389,-0.014044168391994516,-0.0066276662333285,False,False,0,0,0,0,0.0,0,1876.0934155705875,0.0,97.0,109.0
497,5754,2022-06-27,New York Yankees,Oakland Athletics,1,-286.0,250.0,0.7409326424870466,0.2857142857142857,0.7946708463949843,0.2053291536050157,0.05373820390793771,-0.08038513210927001,True,False,0,1,0,0,88.49497243257488,0,1787.5984431380125,0.0,97.0,110.0
498,1064,2020-09-10,San Diego Padres,San Francisco Giants,1,-189.0,173.0,0.6539792387543253,0.3663003663003663,0.6295681063122924,0.3704318936877076,-0.024411132442032857,0.004131527387341349,False,False,0,0,0,0,0.0,0,1787.5984431380125,0.0,97.0,110.0
499,3187,2021-07-11,Miami Marlins,Atlanta Braves,1,-118.0,107.0,0.5412844036697247,0.4830917874396135,0.5415113871635611,0.4584886128364389,0.0002269834938363191,-0.024603174603174627,False,False,0,0,0,0,0.0,0,1787.5984431380125,0.0,97.0,110.0
500,7966,2023-04-23,Pittsburgh Pirates,Cincinnati Reds,1,-106.0,-104.0,0.5145631067961165,0.5098039215686274,0.5390752471446396,0.4609247528553604,0.024512140348523115,-0.04887916871326703,True,False,0,1,0,0,89.37992215690063,0,1698.2185209811119,0.0,97.0,111.0
501,5380,2022-05-31,Cleveland Guardians,Kansas City Royals,1,-139.0,129.0,0.5815899581589958,0.4366812227074236,0.587659429253935,0.4123405707460649,0.006069471094939161,-0.024340651961358706,False,False,0,0,0,0,0.0,0,1698.2185209811119,0.0,97.0,111.0
502,7856,2023-04-15,Washington Nationals,Cleveland Guardians,0,151.0,-164.0,0.398406374501992,0.6212121212121212,0.407011938792668,0.5929880612073319,0.008605564290675993,-0.028224060004789275,False,False,0,0,0,0,0.0,0,1698.2185209811119,0.0,97.0,111.0
503,8303,2023-05-17,Texas Rangers,Atlanta Braves,0,144.0,-156.0,0.4098360655737705,0.609375,0.4070119387926685,0.5929880612073315,-0.0028241267811019988,-0.016386938792668504,False,False,0,0,0,0,0.0,0,1698.2185209811119,0.0,97.0,111.0
504,5631,2022-06-18,Baltimore Orioles,Tampa Bay Rays,0,150.0,-164.0,0.4,0.6212121212121212,0.4070119387926685,0.5929880612073315,0.007011938792668482,-0.02822406000478972,False,False,0,0,0,0,0.0,0,1698.2185209811119,0.0,97.0,111.0
505,842,2020-08-26,Arizona Diamondbacks,Colorado Rockies,0,-118.0,108.0,0.5412844036697247,0.4807692307692308,0.5415113871635611,0.4584886128364389,0.0002269834938363191,-0.022280617932791902,False,False,0,0,0,0,0.0,0,1698.2185209811119,0.0,97.0,111.0
506,6165,2022-07-29,San Diego Padres,Minnesota Twins,1,-114.0,104.0,0.5327102803738317,0.4901960784313725,0.5390752471446396,0.4609247528553604,0.006364966770807889,-0.029271325576012086,False,False,0,0,0,0,0.0,0,1698.2185209811119,0.0,97.0,111.0
507,5823,2022-07-02,Washington Nationals,Miami Marlins,0,100.0,-110.0,0.5,0.5238095238095238,0.4996574560401911,0.5003425439598089,-0.0003425439598089275,-0.02346697984971491,False,False,0,0,0,0,0.0,0,1698.2185209811119,0.0,97.0,111.0
508,2509,2021-05-23,Kansas City Royals,Detroit Tigers,1,-141.0,130.0,0.5850622406639004,0.4347826086956521,0.587659429253935,0.4123405707460649,0.0025971885900345493,-0.022442037949587212,False,False,0,0,0,0,0.0,0,1698.2185209811119,0.0,97.0,111.0
509,4005,2021-09-12,Pittsburgh Pirates,Washington Nationals,0,109.0,-119.0,0.4784688995215311,0.54337899543379,0.4522471910112359,0.5477528089887641,-0.026221708510295205,0.004373813554974126,False,False,0,0,0,0,0.0,0,1698.2185209811119,0.0,97.0,111.0
510,5876,2022-07-05,Los Angeles Dodgers,Colorado Rockies,1,-217.0,200.0,0.6845425867507886,0.3333333333333333,0.7627549057329742,0.2372450942670257,0.07821231898218561,-0.09608823906630762,True,False,0,1,0,0,84.9109260490556,0,1613.3075949320562,0.0,97.0,112.0
511,1238,2020-09-22,Boston Red Sox,Baltimore Orioles,1,-104.0,-106.0,0.5098039215686274,0.5145631067961165,0.4996574560401918,0.5003425439598082,-0.010146465528435622,-0.014220562836308348,False,False,0,0,0,0,0.0,0,1613.3075949320562,0.0,97.0,112.0
512,6173,2022-07-30,Houston Astros,Seattle Mariners,0,-189.0,173.0,0.6539792387543253,0.3663003663003663,0.6295681063122924,0.3704318936877076,-0.024411132442032857,0.004131527387341349,False,False,0,0,0,0,0.0,0,1613.3075949320562,0.0,97.0,112.0
513,6482,2022-08-21,Colorado Rockies,San Francisco Giants,0,114.0,-123.0,0.4672897196261682,0.5515695067264574,0.4522471910112359,0.5477528089887641,-0.015042528614932327,-0.003816697737693331,False,False,0,0,0,0,0.0,0,1613.3075949320562,0.0,97.0,112.0
514,2727,2021-06-08,Texas Rangers,San Francisco Giants,0,123.0,-133.0,0.4484304932735426,0.5708154506437768,0.4187078452254171,0.5812921547745828,-0.029722648048125522,0.010476704130806036,False,True,0,1,0,0,84.9109260490556,0,1528.3966688830005,0.0,97.0,113.0
515,4764,2022-04-17,Miami Marlins,Philadelphia Phillies,1,133.0,-145.0,0.4291845493562232,0.5918367346938775,0.4070119387926685,0.5929880612073315,-0.022172610563554684,0.001151326513453954,False,False,0,0,0,0,0.0,0,1528.3966688830005,0.0,97.0,113.0
516,6705,2022-09-07,New York Yankees,Minnesota Twins,1,-192.0,175.0,0.6575342465753424,0.3636363636363636,0.6605985512771635,0.3394014487228364,0.0030643047018210634,-0.024234914913527195,False,False,0,0,0,0,0.0,0,1528.3966688830005,0.0,97.0,113.0
517,6275,2022-08-06,Oakland Athletics,San Francisco Giants,0,188.0,-204.0,0.3472222222222222,0.6710526315789473,0.3106469002695418,0.6893530997304582,-0.03657532195268043,0.018300468151510874,False,True,0,1,0,0,76.41983344415003,0,1451.9768354388505,0.0,97.0,114.0
518,6301,2022-08-08,Arizona Diamondbacks,Pittsburgh Pirates,1,-227.0,206.0,0.6941896024464832,0.326797385620915,0.7627549057329742,0.2372450942670257,0.06856530328649102,-0.08955229135388929,True,False,0,1,0,0,76.41983344415003,0,1375.5570019947004,0.0,97.0,115.0
519,7879,2023-04-16,Houston Astros,Texas Rangers,0,-191.0,175.0,0.6563573883161512,0.3636363636363636,0.6605985512771635,0.3394014487228364,0.00424116296101229,-0.024234914913527195,False,False,0,0,0,0,0.0,0,1375.5570019947004,0.0,97.0,115.0
520,819,2020-08-25,Toronto Blue Jays,Boston Red Sox,0,-119.0,109.0,0.54337899543379,0.4784688995215311,0.5415113871635611,0.4584886128364389,-0.0018676082702289154,-0.01998028668509222,False,False,0,0,0,0,0.0,0,1375.5570019947004,0.0,97.0,115.0
521,6444,2022-08-19,Baltimore Orioles,Boston Red Sox,1,-108.0,-102.0,0.5192307692307693,0.504950495049505,0.5390752471446396,0.4609247528553604,0.01984447791387034,-0.04402574219414457,True,False,0,1,0,0,68.77785009973502,0,1306.7791518949653,0.0,97.0,116.0
522,6163,2022-07-29,Colorado Rockies,Los Angeles Dodgers,0,196.0,-213.0,0.3378378378378378,0.6805111821086262,0.2457118353344768,0.7542881646655232,-0.09212600250336098,0.07377698255689702,False,True,0,1,0,0,68.77785009973502,0,1238.0013017952301,0.0,97.0,117.0
523,7841,2023-04-14,Toronto Blue Jays,Tampa Bay Rays,1,126.0,-136.0,0.4424778761061947,0.576271186440678,0.4070119387926685,0.5929880612073315,-0.03546593731352621,0.01671687476665351,False,True,1,0,0,0,68.77785009973502,0,1324.6613929208963,86.66009112566613,98.0,117.0
524,5591,2022-06-15,Arizona Diamondbacks,Cincinnati Reds,1,-123.0,114.0,0.5515695067264574,0.4672897196261682,0.5415113871635611,0.4584886128364389,-0.010058119562896373,-0.00880110678972934,False,False,0,0,0,0,0.0,0,1324.6613929208963,0.0,98.0,117.0
525,2369,2021-05-13,Boston Red Sox,Oakland Athletics,1,-105.0,-105.0,0.5121951219512195,0.5121951219512195,0.4996574560401918,0.5003425439598082,-0.012537665911027729,-0.011852577991411373,False,False,0,0,0,0,0.0,0,1324.6613929208963,0.0,98.0,117.0
526,2778,2021-06-12,Cincinnati Reds,Colorado Rockies,1,-135.0,125.0,0.574468085106383,0.4444444444444444,0.587659429253935,0.4123405707460649,0.013191344147551964,-0.032103873698379526,True,False,0,1,0,0,66.23306964604483,0,1258.4283232748514,0.0,98.0,118.0
527,2661,2021-06-03,Houston Astros,Boston Red Sox,0,-132.0,121.0,0.5689655172413793,0.4524886877828054,0.5740623237450648,0.4259376762549351,0.0050968065036854915,-0.02655101152787026,False,False,0,0,0,0,0.0,0,1258.4283232748514,0.0,98.0,118.0
528,6359,2022-08-13,Toronto Blue Jays,Cleveland Guardians,1,-118.0,107.0,0.5412844036697247,0.4830917874396135,0.5415113871635611,0.4584886128364389,0.0002269834938363191,-0.024603174603174627,False,False,0,0,0,0,0.0,0,1258.4283232748514,0.0,98.0,118.0
529,5434,2022-06-03,Colorado Rockies,Atlanta Braves,0,161.0,-175.0,0.3831417624521073,0.6363636363636364,0.3964856230031949,0.6035143769968051,0.013343860551087605,-0.03284925936683125,True,False,1,0,0,0,66.23306964604483,0,1296.2757916440198,37.84746836916847,99.0,118.0
530,4892,2022-04-26,Los Angeles Angels,Cleveland Guardians,1,-154.0,142.0,0.6062992125984252,0.4132231404958678,0.587659429253935,0.4123405707460649,-0.018639783344490235,-0.0008825697498028862,False,False,0,0,0,0,0.0,0,1296.2757916440198,0.0,99.0,118.0
531,3653,2021-08-17,Tampa Bay Rays,Baltimore Orioles,1,-208.0,192.0,0.6753246753246753,0.3424657534246575,0.728777450016388,0.2712225499836119,0.05345277469171272,-0.07124320344104562,True,False,0,1,0,0,64.813789582201,0,1231.4620020618188,0.0,99.0,119.0
532,7868,2023-04-16,New York Yankees,Minnesota Twins,1,-153.0,141.0,0.6047430830039525,0.4149377593360996,0.587659429253935,0.4123405707460649,-0.017083653750017525,-0.002597188590034716,False,False,0,0,0,0,0.0,0,1231.4620020618188,0.0,99.0,119.0
533,8324,2023-05-19,Los Angeles Angels,Minnesota Twins,1,117.0,-127.0,0.4608294930875576,0.5594713656387665,0.4296316904189252,0.5703683095810748,-0.031197802668632424,0.010896943942308224,False,True,1,0,0,0,64.813789582201,0,1307.294135872994,75.83213381117515,100.0,119.0
534,6871,2022-09-19,Baltimore Orioles,Detroit Tigers,0,-189.0,174.0,0.6539792387543253,0.364963503649635,0.6295681063122924,0.3704318936877076,-0.024411132442032857,0.005468390038072646,False,False,0,0,0,0,0.0,0,1307.294135872994,0.0,100.0,119.0
535,3958,2021-09-08,Boston Red Sox,Tampa Bay Rays,1,-106.0,-104.0,0.5145631067961165,0.5098039215686274,0.5390752471446396,0.4609247528553604,0.024512140348523115,-0.04887916871326703,True,False,0,1,0,0,65.3647067936497,0,1241.9294290793443,0.0,100.0,120.0
536,5190,2022-05-17,Baltimore Orioles,New York Yankees,0,196.0,-213.0,0.3378378378378378,0.6805111821086262,0.2457118353344768,0.7542881646655232,-0.09212600250336098,0.07377698255689702,False,True,0,1,0,0,65.3647067936497,0,1176.5647222856946,0.0,100.0,121.0
537,2897,2021-06-20,Texas Rangers,Minnesota Twins,0,105.0,-115.0,0.4878048780487805,0.5348837209302325,0.4745253777605579,0.5254746222394421,-0.013279500288222557,-0.00940909869079043,False,False,0,0,0,0,0.0,0,1176.5647222856946,0.0,100.0,121.0
538,3684,2021-08-19,Arizona Diamondbacks,Philadelphia Phillies,1,175.0,-189.0,0.3636363636363636,0.6539792387543253,0.3785714285714285,0.6214285714285714,0.014935064935064912,-0.032550667325753846,True,False,0,1,0,0,65.3647067936497,0,1111.200015492045,0.0,100.0,122.0
539,2756,2021-06-10,Minnesota Twins,New York Yankees,1,118.0,-128.0,0.4587155963302752,0.5614035087719298,0.4296316904189252,0.5703683095810748,-0.029083905911350016,0.008964800809144968,False,False,0,0,0,0,0.0,0,1111.200015492045,0.0,100.0,122.0
540,977,2020-09-04,Los Angeles Angels,Houston Astros,1,101.0,-111.0,0.4975124378109453,0.5260663507109005,0.4745253777605579,0.5254746222394421,-0.022987060050387365,-0.0005917284714583859,False,False,0,0,0,0,0.0,0,1111.200015492045,0.0,100.0,122.0
541,611,2020-08-10,Los Angeles Dodgers,San Diego Padres,0,-164.0,152.0,0.6212121212121212,0.3968253968253968,0.587659429253935,0.4123405707460649,-0.03355269195818622,0.01551517392066809,False,True,0,1,0,0,55.56000077460225,0,1055.6400147174427,0.0,100.0,123.0
542,7882,2023-04-17,Cincinnati Reds,Tampa Bay Rays,1,131.0,-142.0,0.4329004329004329,0.5867768595041323,0.4070119387926685,0.5929880612073315,-0.025888494107764393,0.006211201703199221,False,False,0,0,0,0,0.0,0,1055.6400147174427,0.0,100.0,123.0
543,5868,2022-07-05,Detroit Tigers,Cleveland Guardians,1,134.0,-145.0,0.4273504273504273,0.5918367346938775,0.4070119387926685,0.5929880612073315,-0.02033848855775877,0.001151326513453954,False,False,0,0,0,0,0.0,0,1055.6400147174427,0.0,100.0,123.0
544,6006,2022-07-15,New York Yankees,Boston Red Sox,0,-154.0,143.0,0.6062992125984252,0.411522633744856,0.587659429253935,0.4123405707460649,-0.018639783344490235,0.0008179370012089127,False,False,0,0,0,0,0.0,0,1055.6400147174427,0.0,100.0,123.0
545,3476,2021-08-04,Miami Marlins,New York Mets,0,135.0,-145.0,0.425531914893617,0.5918367346938775,0.4070119387926685,0.5929880612073315,-0.01851997610094852,0.001151326513453954,False,False,0,0,0,0,0.0,0,1055.6400147174427,0.0,100.0,123.0
546,5873,2022-07-05,Milwaukee Brewers,Chicago Cubs,0,-133.0,124.0,0.5708154506437768,0.4464285714285714,0.587659429253935,0.4123405707460649,0.016843978610158183,-0.0340880006825065,True,False,1,0,0,0,52.78200073587214,0,1121.089695629924,65.44968091248145,101.0,123.0
547,7061,2022-10-03,Texas Rangers,New York Yankees,0,134.0,-145.0,0.4273504273504273,0.5918367346938775,0.4070119387926685,0.5929880612073315,-0.02033848855775877,0.001151326513453954,False,False,0,0,0,0,0.0,0,1121.089695629924,0.0,101.0,123.0
548,6741,2022-09-10,New York Yankees,Tampa Bay Rays,1,-106.0,-103.0,0.5145631067961165,0.5073891625615764,0.5390752471446396,0.4609247528553604,0.024512140348523115,-0.046464409706216014,True,False,0,1,0,0,52.78200073587214,0,1068.307694894052,0.0,101.0,124.0
549,8886,2023-06-30,Texas Rangers,Houston Astros,0,-156.0,144.0,0.609375,0.4098360655737705,0.587659429253935,0.4123405707460649,-0.021715570746065005,0.002504505172294391,False,False,0,0,0,0,0.0,0,1068.307694894052,0.0,101.0,124.0
550,6623,2022-09-01,New York Mets,Los Angeles Dodgers,1,129.0,-139.0,0.4366812227074236,0.5815899581589958,0.4070119387926685,0.5929880612073315,-0.029669283914755096,0.011398103048335662,False,True,1,0,0,0,53.41538474470261,0,1137.2135412147184,68.90584632066637,102.0,124.0
551,4132,2021-09-21,Chicago Cubs,Minnesota Twins,0,-115.0,105.0,0.5348837209302325,0.4878048780487805,0.5415113871635611,0.4584886128364389,0.006627666233328555,-0.029316265212341597,False,False,0,0,0,0,0.0,0,1137.2135412147184,0.0,102.0,124.0
552,6109,2022-07-25,Oakland Athletics,Houston Astros,1,201.0,-222.0,0.3322259136212624,0.6894409937888198,0.2457118353344768,0.7542881646655232,-0.08651407828678562,0.06484717087670333,False,True,1,0,0,0,53.41538474470261,0,1244.5784645515705,107.36492333685223,103.0,124.0
553,4935,2022-04-29,Oakland Athletics,Cleveland Guardians,0,-132.0,122.0,0.5689655172413793,0.4504504504504504,0.5740623237450648,0.4259376762549351,0.0050968065036854915,-0.024512774195515286,False,False,0,0,0,0,0.0,0,1244.5784645515705,0.0,103.0,124.0
554,6451,2022-08-19,Atlanta Braves,Houston Astros,1,-118.0,108.0,0.5412844036697247,0.4807692307692308,0.5415113871635611,0.4584886128364389,0.0002269834938363191,-0.022280617932791902,False,False,0,0,0,0,0.0,0,1244.5784645515705,0.0,103.0,124.0
555,5891,2022-07-07,Houston Astros,Kansas City Royals,1,-333.0,296.0,0.76905311778291,0.2525252525252525,0.7946708463949843,0.2053291536050157,0.025617728612074342,-0.047196098920236795,True,False,0,1,0,0,62.22892322757853,0,1182.349541323992,0.0,103.0,125.0
556,5365,2022-05-30,Chicago Cubs,Milwaukee Brewers,0,111.0,-120.0,0.4739336492890995,0.5454545454545454,0.4522471910112359,0.5477528089887641,-0.021686458277863585,0.002298263534218692,False,False,0,0,0,0,0.0,0,1182.349541323992,0.0,103.0,125.0
557,5709,2022-06-24,New York Yankees,Houston Astros,0,-127.0,117.0,0.5594713656387665,0.4608294930875576,0.5655193236714976,0.4344806763285024,0.00604795803273106,-0.026348816759055205,False,False,0,0,0,0,0.0,0,1182.349541323992,0.0,103.0,125.0
558,5904,2022-07-08,Cincinnati Reds,Tampa Bay Rays,1,153.0,-167.0,0.3952569169960474,0.6254681647940075,0.3964856230031949,0.6035143769968051,0.0012287060071474731,-0.021953787797202362,False,False,0,0,0,0,0.0,0,1182.349541323992,0.0,103.0,125.0
559,6155,2022-07-29,Pittsburgh Pirates,Philadelphia Phillies,0,109.0,-119.0,0.4784688995215311,0.54337899543379,0.4522471910112359,0.5477528089887641,-0.026221708510295205,0.004373813554974126,False,False,0,0,0,0,0.0,0,1182.349541323992,0.0,103.0,125.0
560,2620,2021-05-31,Cincinnati Reds,Philadelphia Phillies,1,-110.0,100.0,0.5238095238095238,0.5,0.5390752471446396,0.4609247528553604,0.015265723335115777,-0.03907524714463961,True,False,0,1,0,0,59.117477066199605,0,1123.2320642577924,0.0,103.0,126.0
561,6848,2022-09-17,Atlanta Braves,Philadelphia Phillies,1,-105.0,-105.0,0.5121951219512195,0.5121951219512195,0.4996574560401918,0.5003425439598082,-0.012537665911027729,-0.011852577991411373,False,False,0,0,0,0,0.0,0,1123.2320642577924,0.0,103.0,126.0
562,4845,2022-04-23,Detroit Tigers,Colorado Rockies,0,-137.0,127.0,0.5780590717299579,0.4405286343612334,0.587659429253935,0.4123405707460649,0.009600357523977143,-0.028188063615168513,False,False,0,0,0,0,0.0,0,1123.2320642577924,0.0,103.0,126.0
563,6894,2022-09-21,Cincinnati Reds,Boston Red Sox,1,147.0,-159.0,0.4048582995951417,0.6138996138996139,0.4070119387926685,0.5929880612073315,0.002153639197526813,-0.020911552692282398,False,False,0,0,0,0,0.0,0,1123.2320642577924,0.0,103.0,126.0
564,8238,2023-05-13,Washington Nationals,New York Mets,1,130.0,-140.0,0.4347826086956521,0.5833333333333334,0.4070119387926685,0.5929880612073315,-0.027770669902983602,0.009654727873998126,False,False,0,0,0,0,0.0,0,1123.2320642577924,0.0,103.0,126.0
565,5604,2022-06-16,Chicago Cubs,San Diego Padres,0,184.0,-200.0,0.352112676056338,0.6666666666666666,0.3106469002695418,0.6893530997304582,-0.04146577578679622,0.02268643306379159,False,True,0,1,0,0,56.161603212889624,0,1067.070461044903,0.0,103.0,127.0
566,7052,2022-10-02,Los Angeles Dodgers,Colorado Rockies,0,-285.0,253.0,0.7402597402597403,0.28328611898017,0.7946708463949843,0.2053291536050157,0.054411106135244025,-0.07795696537515429,True,False,1,0,0,0,56.161603212889624,0,1209.1593171735137,142.08885612861073,104.0,127.0
567,563,2020-08-07,Texas Rangers,Los Angeles Angels,1,148.0,-161.0,0.4032258064516129,0.6168582375478927,0.4070119387926685,0.5929880612073315,0.003786132341055626,-0.02387017634056121,False,False,0,0,0,0,0.0,0,1209.1593171735137,0.0,104.0,127.0
568,4901,2022-04-27,Philadelphia Phillies,Colorado Rockies,1,-213.0,195.0,0.6805111821086262,0.3389830508474576,0.7627549057329742,0.2372450942670257,0.08224372362434806,-0.10173795658043192,True,False,0,1,0,0,56.161603212889624,0,1152.9977139606242,0.0,104.0,128.0
569,5540,2022-06-11,Detroit Tigers,Toronto Blue Jays,1,208.0,-227.0,0.3246753246753247,0.6941896024464832,0.2457118353344768,0.7542881646655232,-0.07896348934084788,0.060098562219039975,False,True,1,0,0,0,56.161603212889624,0,1269.8138486434345,116.81613468281041,105.0,128.0
570,2823,2021-06-15,Houston Astros,Texas Rangers,1,-172.0,159.0,0.6323529411764706,0.3861003861003861,0.587659429253935,0.4123405707460649,-0.04469351192253557,0.026240184645678788,False,True,1,0,0,0,63.49069243217173,0,1306.727041917953,36.91319327451845,106.0,128.0
571,6332,2022-08-10,Arizona Diamondbacks,Pittsburgh Pirates,0,-154.0,142.0,0.6062992125984252,0.4132231404958678,0.587659429253935,0.4123405707460649,-0.018639783344490235,-0.0008825697498028862,False,False,0,0,0,0,0.0,0,1306.727041917953,0.0,106.0,128.0
572,1127,2020-09-15,Tampa Bay Rays,Washington Nationals,1,-164.0,151.0,0.6212121212121212,0.398406374501992,0.587659429253935,0.4123405707460649,-0.03355269195818622,0.013934196244072883,False,True,1,0,0,0,63.49069243217173,0,1345.4408787668383,38.7138368488852,107.0,128.0
573,8095,2023-05-02,Colorado Rockies,Milwaukee Brewers,1,149.0,-162.0,0.4016064257028112,0.6183206106870229,0.4070119387926685,0.5929880612073315,0.005405513089857317,-0.025332549479691435,False,False,0,0,0,0,0.0,0,1345.4408787668383,0.0,107.0,128.0
574,4748,2022-04-16,Boston Red Sox,Minnesota Twins,1,-123.0,113.0,0.5515695067264574,0.4694835680751174,0.5415113871635611,0.4584886128364389,-0.010058119562896373,-0.010994955238678494,False,False,0,0,0,0,0.0,0,1345.4408787668383,0.0,107.0,128.0
575,5360,2022-05-29,Los Angeles Angels,Toronto Blue Jays,0,-120.0,111.0,0.5454545454545454,0.4739336492890995,0.5415113871635611,0.4584886128364389,-0.00394315829098435,-0.015445036452660599,False,False,0,0,0,0,0.0,0,1345.4408787668383,0.0,107.0,128.0
576,8718,2023-06-17,San Diego Padres,Tampa Bay Rays,1,-103.0,-107.0,0.5073891625615764,0.5169082125603864,0.4996574560401918,0.5003425439598082,-0.007731706521384607,-0.016565668600578287,False,False,0,0,0,0,0.0,0,1345.4408787668383,0.0,107.0,128.0
577,2545,2021-05-26,Washington Nationals,Cincinnati Reds,1,-132.0,121.0,0.5689655172413793,0.4524886877828054,0.5740623237450648,0.4259376762549351,0.0050968065036854915,-0.02655101152787026,False,False,0,0,0,0,0.0,0,1345.4408787668383,0.0,107.0,128.0
578,6775,2022-09-12,Cincinnati Reds,Pittsburgh Pirates,0,-128.0,118.0,0.5614035087719298,0.4587155963302752,0.5655193236714976,0.4344806763285024,0.0041158148995678046,-0.024234920001772797,False,False,0,0,0,0,0.0,0,1345.4408787668383,0.0,107.0,128.0
579,8449,2023-05-28,Colorado Rockies,New York Mets,1,129.0,-139.0,0.4366812227074236,0.5815899581589958,0.4070119387926685,0.5929880612073315,-0.029669283914755096,0.011398103048335662,False,True,1,0,0,0,67.27204393834192,0,1432.2218154472994,86.78093668046108,108.0,128.0
580,4927,2022-04-29,Tampa Bay Rays,Minnesota Twins,1,-132.0,121.0,0.5689655172413793,0.4524886877828054,0.5740623237450648,0.4259376762549351,0.0050968065036854915,-0.02655101152787026,False,False,0,0,0,0,0.0,0,1432.2218154472994,0.0,108.0,128.0
581,4037,2021-09-14,Texas Rangers,Houston Astros,1,196.0,-213.0,0.3378378378378378,0.6805111821086262,0.2457118353344768,0.7542881646655232,-0.09212600250336098,0.07377698255689702,False,True,1,0,0,0,71.61109077236497,0,1572.5795533611347,140.35773791383534,109.0,128.0
582,7998,2023-04-25,Atlanta Braves,Miami Marlins,1,-220.0,200.0,0.6875,0.3333333333333333,0.7627549057329742,0.2372450942670257,0.07525490573297422,-0.09608823906630762,True,False,0,1,0,0,71.61109077236497,0,1500.9684625887696,0.0,109.0,129.0
583,626,2020-08-11,Los Angeles Dodgers,San Diego Padres,0,-156.0,145.0,0.609375,0.4081632653061224,0.587659429253935,0.4123405707460649,-0.021715570746065005,0.004177305439942491,False,False,0,0,0,0,0.0,0,1500.9684625887696,0.0,109.0,129.0
584,6327,2022-08-10,Detroit Tigers,Cleveland Guardians,0,148.0,-161.0,0.4032258064516129,0.6168582375478927,0.4070119387926685,0.5929880612073315,0.003786132341055626,-0.02387017634056121,False,False,0,0,0,0,0.0,0,1500.9684625887696,0.0,109.0,129.0
585,4002,2021-09-11,Los Angeles Dodgers,San Diego Padres,1,-200.0,184.0,0.6666666666666666,0.352112676056338,0.6605985512771635,0.3394014487228364,-0.006068115389503137,-0.012711227333501607,False,False,0,0,0,0,0.0,0,1500.9684625887696,0.0,109.0,129.0
586,6250,2022-08-04,Kansas City Royals,Boston Red Sox,1,120.0,-130.0,0.4545454545454545,0.5652173913043478,0.4187078452254171,0.5812921547745828,-0.03583760932003738,0.016074763470235065,False,True,1,0,0,0,75.04842312943849,0,1591.0265703440957,90.05810775532619,110.0,129.0
587,8729,2023-06-18,Kansas City Royals,Los Angeles Angels,0,109.0,-119.0,0.4784688995215311,0.54337899543379,0.4522471910112359,0.5477528089887641,-0.026221708510295205,0.004373813554974126,False,False,0,0,0,0,0.0,0,1591.0265703440957,0.0,110.0,129.0
588,3774,2021-08-26,Philadelphia Phillies,Arizona Diamondbacks,0,-159.0,146.0,0.6138996138996139,0.4065040650406504,0.587659429253935,0.4123405707460649,-0.0262401846456789,0.005836505705414496,False,False,0,0,0,0,0.0,0,1591.0265703440957,0.0,110.0,129.0
589,2647,2021-06-02,Chicago Cubs,San Diego Padres,1,-102.0,-108.0,0.504950495049505,0.5192307692307693,0.4996574560401918,0.5003425439598082,-0.005293039009313161,-0.018888225270961123,False,False,0,0,0,0,0.0,0,1591.0265703440957,0.0,110.0,129.0
590,6656,2022-09-03,Los Angeles Dodgers,San Diego Padres,1,-204.0,188.0,0.6710526315789473,0.3472222222222222,0.728777450016388,0.2712225499836119,0.057724818437440706,-0.07599967223861032,True,False,0,1,0,0,79.5513285172048,0,1511.4752418268909,0.0,110.0,130.0
591,8308,2023-05-18,Miami Marlins,Washington Nationals,1,-144.0,133.0,0.5901639344262295,0.4291845493562232,0.587659429253935,0.4123405707460649,-0.002504505172294502,-0.016843978610158294,False,False,0,0,0,0,0.0,0,1511.4752418268909,0.0,110.0,130.0
592,2537,2021-05-25,Oakland Athletics,Seattle Mariners,0,-164.0,151.0,0.6212121212121212,0.398406374501992,0.587659429253935,0.4123405707460649,-0.03355269195818622,0.013934196244072883,False,True,0,1,0,0,79.5513285172048,0,1431.923913309686,0.0,110.0,131.0
593,8168,2023-05-07,Seattle Mariners,Houston Astros,1,-124.0,114.0,0.5535714285714286,0.4672897196261682,0.5415113871635611,0.4584886128364389,-0.012060041407867539,-0.00880110678972934,False,False,0,0,0,0,0.0,0,1431.923913309686,0.0,110.0,131.0
594,8836,2023-06-27,Baltimore Orioles,Cincinnati Reds,0,-136.0,126.0,0.576271186440678,0.4424778761061947,0.587659429253935,0.4123405707460649,0.01138824281325701,-0.030137305360129818,True,False,1,0,0,0,79.5513285172048,0,1532.158587241364,100.23467393167805,111.0,131.0
595,5848,2022-07-04,Washington Nationals,Miami Marlins,0,102.0,-112.0,0.495049504950495,0.5283018867924528,0.4745253777605579,0.5254746222394421,-0.02052412718993707,-0.0028272645530107443,False,False,0,0,0,0,0.0,0,1532.158587241364,0.0,111.0,131.0
596,6380,2022-08-14,Houston Astros,Oakland Athletics,1,-250.0,224.0,0.7142857142857143,0.3086419753086419,0.7627549057329742,0.2372450942670257,0.04846919144725992,-0.0713968810416162,True,False,0,1,0,0,76.6079293620682,0,1455.5506578792958,0.0,111.0,132.0
597,6813,2022-09-15,Toronto Blue Jays,Tampa Bay Rays,0,-133.0,123.0,0.5708154506437768,0.4484304932735426,0.5740623237450648,0.4259376762549351,0.003246873101288017,-0.022492817018607503,False,False,0,0,0,0,0.0,0,1455.5506578792958,0.0,111.0,132.0
598,6307,2022-08-09,Philadelphia Phillies,Miami Marlins,1,-227.0,205.0,0.6941896024464832,0.3278688524590163,0.7627549057329742,0.2372450942670257,0.06856530328649102,-0.09062375819199062,True,False,0,1,0,0,76.6079293620682,0,1378.9427285172276,0.0,111.0,133.0
599,5210,2022-05-18,Texas Rangers,Los Angeles Angels,1,144.0,-156.0,0.4098360655737705,0.609375,0.4070119387926685,0.5929880612073315,-0.0028241267811019988,-0.016386938792668504,False,False,0,0,0,0,0.0,0,1378.9427285172276,0.0,111.0,133.0
600,3364,2021-07-27,Texas Rangers,Arizona Diamondbacks,1,-154.0,141.0,0.6062992125984252,0.4149377593360996,0.587659429253935,0.4123405707460649,-0.018639783344490235,-0.002597188590034716,False,False,0,0,0,0,0.0,0,1378.9427285172276,0.0,111.0,133.0
601,8254,2023-05-14,Miami Marlins,Cincinnati Reds,1,-155.0,143.0,0.6078431372549019,0.411522633744856,0.587659429253935,0.4123405707460649,-0.020183708000966916,0.0008179370012089127,False,False,0,0,0,0,0.0,0,1378.9427285172276,0.0,111.0,133.0
602,8454,2023-05-28,Atlanta Braves,Philadelphia Phillies,1,-249.0,223.0,0.7134670487106017,0.3095975232198142,0.7627549057329742,0.2372450942670257,0.04928785702237248,-0.07235242895278851,True,False,0,1,0,0,68.94713642586139,0,1309.9955920913662,0.0,111.0,134.0
603,7802,2023-04-11,Tampa Bay Rays,Boston Red Sox,1,-175.0,161.0,0.6363636363636364,0.3831417624521073,0.587659429253935,0.4123405707460649,-0.04870420710970136,0.0291988082939576,False,True,1,0,0,0,68.94713642586139,0,1349.393955763287,39.39836367192079,112.0,134.0
604,5267,2022-05-22,Los Angeles Angels,Oakland Athletics,1,-182.0,166.0,0.6453900709219859,0.3759398496240601,0.6107686729514141,0.3892313270485859,-0.03462139797057173,0.0132914774245258,False,True,1,0,0,0,68.94713642586139,0,1387.2769977555186,37.88304199223153,113.0,134.0
605,8183,2023-05-09,Pittsburgh Pirates,Colorado Rockies,0,-162.0,149.0,0.6183206106870229,0.4016064257028112,0.587659429253935,0.4123405707460649,-0.030661181433087936,0.010734145043253707,False,True,0,1,0,0,69.36384988777593,0,1317.9131478677427,0.0,113.0,135.0
606,7799,2023-04-11,Cleveland Guardians,New York Yankees,0,153.0,-166.0,0.3952569169960474,0.6240601503759399,0.3964856230031949,0.6035143769968051,0.0012287060071474731,-0.02054577337913477,False,False,0,0,0,0,0.0,0,1317.9131478677427,0.0,113.0,135.0
607,2018,2021-04-17,Texas Rangers,Baltimore Orioles,0,-133.0,123.0,0.5708154506437768,0.4484304932735426,0.5740623237450648,0.4259376762549351,0.003246873101288017,-0.022492817018607503,False,False,0,0,0,0,0.0,0,1317.9131478677427,0.0,113.0,135.0
608,7862,2023-04-15,Miami Marlins,Arizona Diamondbacks,1,-129.0,119.0,0.5633187772925764,0.45662100456621,0.5655193236714976,0.4344806763285024,0.0022005463789211976,-0.022140328237707618,False,False,0,0,0,0,0.0,0,1317.9131478677427,0.0,113.0,135.0
609,8784,2023-06-22,Miami Marlins,Pittsburgh Pirates,1,-135.0,125.0,0.574468085106383,0.4444444444444444,0.587659429253935,0.4123405707460649,0.013191344147551964,-0.032103873698379526,True,False,0,1,0,0,69.36384988777593,0,1248.549297979967,0.0,113.0,136.0
610,5951,2022-07-11,Miami Marlins,Pittsburgh Pirates,0,-152.0,140.0,0.6031746031746031,0.4166666666666667,0.587659429253935,0.4123405707460649,-0.015515173920668146,-0.004326095920601791,False,False,0,0,0,0,0.0,0,1248.549297979967,0.0,113.0,136.0
611,5471,2022-06-06,Los Angeles Angels,Boston Red Sox,0,-120.0,110.0,0.5454545454545454,0.4761904761904761,0.5415113871635611,0.4584886128364389,-0.00394315829098435,-0.01770186335403723,False,False,0,0,0,0,0.0,0,1248.549297979967,0.0,113.0,136.0
612,2032,2021-04-18,Texas Rangers,Baltimore Orioles,1,-108.0,-102.0,0.5192307692307693,0.504950495049505,0.5390752471446396,0.4609247528553604,0.01984447791387034,-0.04402574219414457,True,False,0,1,0,0,62.42746489899835,0,1186.1218330809686,0.0,113.0,137.0
613,943,2020-09-02,Philadelphia Phillies,Washington Nationals,1,108.0,-118.0,0.4807692307692308,0.5412844036697247,0.4522471910112359,0.5477528089887641,-0.028522039757994888,0.006468405319039361,False,False,0,0,0,0,0.0,0,1186.1218330809686,0.0,113.0,137.0
614,4812,2022-04-20,Washington Nationals,Arizona Diamondbacks,0,-123.0,113.0,0.5515695067264574,0.4694835680751174,0.5415113871635611,0.4584886128364389,-0.010058119562896373,-0.010994955238678494,False,False,0,0,0,0,0.0,0,1186.1218330809686,0.0,113.0,137.0
615,827,2020-08-25,San Diego Padres,Seattle Mariners,0,-179.0,163.0,0.6415770609318996,0.3802281368821292,0.587659429253935,0.4123405707460649,-0.053917631677964595,0.0321124338639357,False,True,0,1,0,0,59.30609165404843,0,1126.81574142692,0.0,113.0,138.0
616,3709,2021-08-21,Milwaukee Brewers,Washington Nationals,1,-217.0,200.0,0.6845425867507886,0.3333333333333333,0.7627549057329742,0.2372450942670257,0.07821231898218561,-0.09608823906630762,True,False,0,1,0,0,59.30609165404843,0,1067.5096497728716,0.0,113.0,139.0
617,6053,2022-07-21,Oakland Athletics,Detroit Tigers,0,-154.0,141.0,0.6062992125984252,0.4149377593360996,0.587659429253935,0.4123405707460649,-0.018639783344490235,-0.002597188590034716,False,False,0,0,0,0,0.0,0,1067.5096497728716,0.0,113.0,139.0
618,6772,2022-09-12,Miami Marlins,Texas Rangers,1,-123.0,113.0,0.5515695067264574,0.4694835680751174,0.5415113871635611,0.4584886128364389,-0.010058119562896373,-0.010994955238678494,False,False,0,0,0,0,0.0,0,1067.5096497728716,0.0,113.0,139.0
619,8699,2023-06-16,Kansas City Royals,Los Angeles Angels,0,139.0,-151.0,0.4184100418410041,0.601593625498008,0.4070119387926685,0.5929880612073315,-0.011398103048335606,-0.008605564290676493,False,False,0,0,0,0,0.0,0,1067.5096497728716,0.0,113.0,139.0
620,5964,2022-07-12,Tampa Bay Rays,Boston Red Sox,1,105.0,-115.0,0.4878048780487805,0.5348837209302325,0.4745253777605579,0.5254746222394421,-0.013279500288222557,-0.00940909869079043,False,False,0,0,0,0,0.0,0,1067.5096497728716,0.0,113.0,139.0
621,663,2020-08-14,Arizona Diamondbacks,San Diego Padres,1,115.0,-125.0,0.4651162790697674,0.5555555555555556,0.4522471910112359,0.5477528089887641,-0.012869088058531486,-0.007802746566791474,False,False,0,0,0,0,0.0,0,1067.5096497728716,0.0,113.0,139.0
622,5518,2022-06-10,Washington Nationals,Milwaukee Brewers,1,156.0,-169.0,0.390625,0.6282527881040892,0.3964856230031949,0.6035143769968051,0.005860623003194898,-0.02473841110728414,False,False,0,0,0,0,0.0,0,1067.5096497728716,0.0,113.0,139.0
623,6873,2022-09-19,Milwaukee Brewers,New York Mets,0,-109.0,-101.0,0.5215311004784688,0.5024875621890548,0.5390752471446396,0.4609247528553604,0.017544146666170768,-0.041562809333694384,True,False,1,0,0,0,53.375482488643584,0,1120.3566621378652,52.847012364993645,114.0,139.0
624,5240,2022-05-21,Colorado Rockies,New York Mets,1,108.0,-118.0,0.4807692307692308,0.5412844036697247,0.4522471910112359,0.5477528089887641,-0.028522039757994888,0.006468405319039361,False,False,0,0,0,0,0.0,0,1120.3566621378652,0.0,114.0,139.0
625,5571,2022-06-13,Seattle Mariners,Minnesota Twins,0,-119.0,109.0,0.54337899543379,0.4784688995215311,0.5415113871635611,0.4584886128364389,-0.0018676082702289154,-0.01998028668509222,False,False,0,0,0,0,0.0,0,1120.3566621378652,0.0,114.0,139.0
626,5035,2022-05-07,Cincinnati Reds,Pittsburgh Pirates,0,110.0,-120.0,0.4761904761904761,0.5454545454545454,0.4522471910112359,0.5477528089887641,-0.023943285179240215,0.002298263534218692,False,False,0,0,0,0,0.0,0,1120.3566621378652,0.0,114.0,139.0
627,8182,2023-05-09,Cleveland Guardians,Detroit Tigers,1,-192.0,176.0,0.6575342465753424,0.3623188405797101,0.6605985512771635,0.3394014487228364,0.0030643047018210634,-0.022917391856873692,False,False,0,0,0,0,0.0,0,1120.3566621378652,0.0,114.0,139.0
628,8459,2023-05-29,Arizona Diamondbacks,Colorado Rockies,1,-193.0,177.0,0.658703071672355,0.3610108303249097,0.6605985512771635,0.3394014487228364,0.0018954796048085143,-0.02160938160207332,False,False,0,0,0,0,0.0,0,1120.3566621378652,0.0,114.0,139.0
629,5884,2022-07-06,Philadelphia Phillies,Washington Nationals,0,-213.0,194.0,0.6805111821086262,0.3401360544217687,0.7627549057329742,0.2372450942670257,0.08224372362434806,-0.102890960154743,True,False,1,0,0,0,56.017833106893264,0,1229.031258365238,108.67459622737293,115.0,139.0
630,735,2020-08-19,New York Yankees,Tampa Bay Rays,0,-182.0,167.0,0.6453900709219859,0.3745318352059925,0.6107686729514141,0.3892313270485859,-0.03462139797057173,0.014699491842593393,False,True,0,1,0,0,61.45156291826191,0,1167.579695446976,0.0,115.0,140.0
631,8137,2023-05-05,Arizona Diamondbacks,Washington Nationals,1,-176.0,162.0,0.6376811594202898,0.3816793893129771,0.587659429253935,0.4123405707460649,-0.050021730166354805,0.03066118143308777,False,True,1,0,0,0,61.45156291826191,0,1202.4953561959885,34.91566074901245,116.0,140.0
632,5547,2022-06-12,Cleveland Guardians,Oakland Athletics,1,-159.0,146.0,0.6138996138996139,0.4065040650406504,0.587659429253935,0.4123405707460649,-0.0262401846456789,0.005836505705414496,False,False,0,0,0,0,0.0,0,1202.4953561959885,0.0,116.0,140.0
633,2494,2021-05-22,Cincinnati Reds,Milwaukee Brewers,0,-139.0,129.0,0.5815899581589958,0.4366812227074236,0.587659429253935,0.4123405707460649,0.006069471094939161,-0.024340651961358706,False,False,0,0,0,0,0.0,0,1202.4953561959885,0.0,116.0,140.0
634,4879,2022-04-25,Arizona Diamondbacks,Los Angeles Dodgers,0,179.0,-196.0,0.3584229390681003,0.6621621621621622,0.3785714285714285,0.6214285714285714,0.020148489503328204,-0.04073359073359073,True,False,1,0,0,0,61.45156291826191,0,1233.8481944195914,31.352838223603015,117.0,140.0
635,5587,2022-06-14,Seattle Mariners,Minnesota Twins,1,-110.0,100.0,0.5238095238095238,0.5,0.5390752471446396,0.4609247528553604,0.015265723335115777,-0.03907524714463961,True,False,0,1,0,0,61.692409720979576,0,1172.1557846986118,0.0,117.0,141.0
636,5966,2022-07-12,Minnesota Twins,Milwaukee Brewers,0,-135.0,125.0,0.574468085106383,0.4444444444444444,0.587659429253935,0.4123405707460649,0.013191344147551964,-0.032103873698379526,True,False,1,0,0,0,61.692409720979576,0,1249.2712968498363,77.11551215122446,118.0,141.0
637,3022,2021-06-29,Los Angeles Dodgers,San Francisco Giants,1,-147.0,136.0,0.5951417004048583,0.423728813559322,0.587659429253935,0.4123405707460649,-0.007482271150923259,-0.011388242813257121,False,False,0,0,0,0,0.0,0,1249.2712968498363,0.0,118.0,141.0
638,7789,2023-04-10,Tampa Bay Rays,Boston Red Sox,1,-151.0,139.0,0.601593625498008,0.4184100418410041,0.587659429253935,0.4123405707460649,-0.013934196244072994,-0.006069471094939216,False,False,0,0,0,0,0.0,0,1249.2712968498363,0.0,118.0,141.0
639,3308,2021-07-23,New York Mets,Toronto Blue Jays,1,-105.0,-105.0,0.5121951219512195,0.5121951219512195,0.4996574560401918,0.5003425439598082,-0.012537665911027729,-0.011852577991411373,False,False,0,0,0,0,0.0,0,1249.2712968498363,0.0,118.0,141.0
640,8752,2023-06-20,Pittsburgh Pirates,Chicago Cubs,0,114.0,-124.0,0.4672897196261682,0.5535714285714286,0.4522471910112359,0.5477528089887641,-0.015042528614932327,-0.005818619582664497,False,False,0,0,0,0,0.0,0,1249.2712968498363,0.0,118.0,141.0
641,3767,2021-08-25,Miami Marlins,Washington Nationals,1,101.0,-111.0,0.4975124378109453,0.5260663507109005,0.4745253777605579,0.5254746222394421,-0.022987060050387365,-0.0005917284714583859,False,False,0,0,0,0,0.0,0,1249.2712968498363,0.0,118.0,141.0
642,1058,2020-09-10,Texas Rangers,Los Angeles Angels,0,166.0,-179.0,0.3759398496240601,0.6415770609318996,0.3964856230031949,0.6035143769968051,0.020545773379134824,-0.03806268393509449,True,False,1,0,0,0,62.46356484249182,0,1284.167143130558,34.895846280721685,119.0,141.0
643,2409,2021-05-16,Boston Red Sox,Los Angeles Angels,0,-154.0,142.0,0.6062992125984252,0.4132231404958678,0.587659429253935,0.4123405707460649,-0.018639783344490235,-0.0008825697498028862,False,False,0,0,0,0,0.0,0,1284.167143130558,0.0,119.0,141.0
644,7103,2022-10-05,Milwaukee Brewers,Arizona Diamondbacks,0,-168.0,155.0,0.6268656716417911,0.392156862745098,0.587659429253935,0.4123405707460649,-0.03920624238785608,0.020183708000966916,False,True,0,1,0,0,62.46356484249182,0,1221.7035782880662,0.0,119.0,142.0
645,4875,2022-04-25,Toronto Blue Jays,Boston Red Sox,1,-127.0,117.0,0.5594713656387665,0.4608294930875576,0.5655193236714976,0.4344806763285024,0.00604795803273106,-0.026348816759055205,False,False,0,0,0,0,0.0,0,1221.7035782880662,0.0,119.0,142.0
646,5060,2022-05-08,Cincinnati Reds,Pittsburgh Pirates,1,-118.0,108.0,0.5412844036697247,0.4807692307692308,0.5415113871635611,0.4584886128364389,0.0002269834938363191,-0.022280617932791902,False,False,0,0,0,0,0.0,0,1221.7035782880662,0.0,119.0,142.0
647,5546,2022-06-11,Seattle Mariners,Boston Red Sox,1,-115.0,105.0,0.5348837209302325,0.4878048780487805,0.5415113871635611,0.4584886128364389,0.006627666233328555,-0.029316265212341597,False,False,0,0,0,0,0.0,0,1221.7035782880662,0.0,119.0,142.0
648,534,2020-08-05,Arizona Diamondbacks,Houston Astros,1,145.0,-156.0,0.4081632653061224,0.609375,0.4070119387926685,0.5929880612073315,-0.0011513265134538986,-0.016386938792668504,False,False,0,0,0,0,0.0,0,1221.7035782880662,0.0,119.0,142.0
649,5786,2022-06-29,Philadelphia Phillies,Atlanta Braves,0,122.0,-132.0,0.4504504504504504,0.5689655172413793,0.4187078452254171,0.5812921547745828,-0.031742605225033305,0.01232663753320351,False,True,0,1,0,0,61.085178914403315,0,1160.618399373663,0.0,119.0,143.0
650,7786,2023-04-10,Cleveland Guardians,New York Yankees,1,-145.0,134.0,0.5918367346938775,0.4273504273504273,0.587659429253935,0.4123405707460649,-0.004177305439942547,-0.015009856604362382,False,False,0,0,0,0,0.0,0,1160.618399373663,0.0,119.0,143.0
651,3625,2021-08-15,Pittsburgh Pirates,Milwaukee Brewers,0,188.0,-204.0,0.3472222222222222,0.6710526315789473,0.3106469002695418,0.6893530997304582,-0.03657532195268043,0.018300468151510874,False,True,0,1,0,0,58.03091996868315,0,1102.5874794049798,0.0,119.0,144.0
652,6418,2022-08-17,Washington Nationals,Chicago Cubs,0,151.0,-164.0,0.398406374501992,0.6212121212121212,0.407011938792668,0.5929880612073319,0.008605564290675993,-0.028224060004789275,False,False,0,0,0,0,0.0,0,1102.5874794049798,0.0,119.0,144.0
653,5359,2022-05-29,Oakland Athletics,Texas Rangers,1,106.0,-116.0,0.4854368932038835,0.5370370370370371,0.4522471910112359,0.5477528089887641,-0.03318970219264761,0.010715771951727016,False,True,1,0,0,0,58.03091996868315,0,1164.100254571784,61.51277516680414,120.0,144.0
654,1101,2020-09-13,Tampa Bay Rays,Boston Red Sox,0,-185.0,170.0,0.6491228070175439,0.3703703703703703,0.6295681063122924,0.3704318936877076,-0.01955470070525145,6.152331733733085e-05,False,False,0,0,0,0,0.0,0,1164.100254571784,0.0,120.0,144.0
655,2041,2021-04-19,Philadelphia Phillies,San Francisco Giants,0,-101.0,-109.0,0.5024875621890548,0.5215311004784688,0.4996574560401918,0.5003425439598082,-0.0028301061488629764,-0.021188556518660695,False,False,0,0,0,0,0.0,0,1164.100254571784,0.0,120.0,144.0
656,596,2020-08-09,Oakland Athletics,Houston Astros,1,-147.0,137.0,0.5951417004048583,0.4219409282700422,0.587659429253935,0.4123405707460649,-0.007482271150923259,-0.00960035752397731,False,False,0,0,0,0,0.0,0,1164.100254571784,0.0,120.0,144.0
657,5173,2022-05-16,Milwaukee Brewers,Atlanta Braves,1,-125.0,115.0,0.5555555555555556,0.4651162790697674,0.5415113871635611,0.4584886128364389,-0.014044168391994516,-0.0066276662333285,False,False,0,0,0,0,0.0,0,1164.100254571784,0.0,120.0,144.0
658,8059,2023-04-29,Colorado Rockies,Arizona Diamondbacks,0,102.0,-112.0,0.495049504950495,0.5283018867924528,0.4745253777605579,0.5254746222394421,-0.02052412718993707,-0.0028272645530107443,False,False,0,0,0,0,0.0,0,1164.100254571784,0.0,120.0,144.0
659,5298,2022-05-25,Washington Nationals,Los Angeles Dodgers,1,184.0,-200.0,0.352112676056338,0.6666666666666666,0.3106469002695418,0.6893530997304582,-0.04146577578679622,0.02268643306379159,False,True,1,0,0,0,58.2050127285892,0,1271.1974779923883,107.09722342060414,121.0,144.0
660,5657,2022-06-19,Arizona Diamondbacks,Minnesota Twins,1,104.0,-114.0,0.4901960784313725,0.5327102803738317,0.4745253777605579,0.5254746222394421,-0.015670700670814552,-0.007235658134389644,False,False,0,0,0,0,0.0,0,1271.1974779923883,0.0,121.0,144.0
661,7900,2023-04-18,Washington Nationals,Baltimore Orioles,0,130.0,-141.0,0.4347826086956521,0.5850622406639004,0.4070119387926685,0.5929880612073315,-0.027770669902983602,0.00792582054343105,False,False,0,0,0,0,0.0,0,1271.1974779923883,0.0,121.0,144.0
662,2549,2021-05-26,Houston Astros,Los Angeles Dodgers,1,128.0,-137.0,0.4385964912280701,0.5780590717299579,0.4070119387926685,0.5929880612073315,-0.03158455243540159,0.014928989477373644,False,True,1,0,0,0,63.55987389961942,0,1352.554116583901,81.35663859151286,122.0,144.0
663,5795,2022-06-30,Houston Astros,New York Yankees,1,109.0,-119.0,0.4784688995215311,0.54337899543379,0.4522471910112359,0.5477528089887641,-0.026221708510295205,0.004373813554974126,False,False,0,0,0,0,0.0,0,1352.554116583901,0.0,122.0,144.0
664,6994,2022-09-28,Houston Astros,Arizona Diamondbacks,0,-181.0,166.0,0.6441281138790036,0.3759398496240601,0.6107686729514141,0.3892313270485859,-0.03335944092758947,0.0132914774245258,False,True,0,1,0,0,63.55987389961942,0,1288.9942426842817,0.0,122.0,145.0
665,4044,2021-09-15,Detroit Tigers,Milwaukee Brewers,1,200.0,-217.0,0.3333333333333333,0.6845425867507886,0.2457118353344768,0.7542881646655232,-0.08762149799885652,0.06974557791473457,False,True,1,0,0,0,64.4497121342141,0,1417.89366695271,128.8994242684282,123.0,145.0
666,2096,2021-04-23,Minnesota Twins,Pittsburgh Pirates,1,-145.0,135.0,0.5918367346938775,0.425531914893617,0.587659429253935,0.4123405707460649,-0.004177305439942547,-0.013191344147552131,False,False,0,0,0,0,0.0,0,1417.89366695271,0.0,123.0,145.0
667,8524,2023-06-03,Kansas City Royals,Colorado Rockies,0,-141.0,130.0,0.5850622406639004,0.4347826086956521,0.587659429253935,0.4123405707460649,0.0025971885900345493,-0.022442037949587212,False,False,0,0,0,0,0.0,0,1417.89366695271,0.0,123.0,145.0
668,7923,2023-04-19,New York Yankees,Los Angeles Angels,1,-129.0,119.0,0.5633187772925764,0.45662100456621,0.5655193236714976,0.4344806763285024,0.0022005463789211976,-0.022140328237707618,False,False,0,0,0,0,0.0,0,1417.89366695271,0.0,123.0,145.0
669,2734,2021-06-09,Texas Rangers,San Francisco Giants,1,-105.0,-105.0,0.5121951219512195,0.5121951219512195,0.4996574560401918,0.5003425439598082,-0.012537665911027729,-0.011852577991411373,False,False,0,0,0,0,0.0,0,1417.89366695271,0.0,123.0,145.0
670,8187,2023-05-09,New York Yankees,Oakland Athletics,1,-232.0,209.0,0.6987951807228916,0.3236245954692556,0.7627549057329742,0.2372450942670257,0.06395972501008262,-0.0863795012022299,True,False,0,1,0,0,70.8946833476355,0,1346.9989836050745,0.0,123.0,146.0
671,6200,2022-08-01,Cleveland Guardians,Arizona Diamondbacks,1,-143.0,132.0,0.588477366255144,0.4310344827586206,0.587659429253935,0.4123405707460649,-0.0008179370012090237,-0.018693912012555713,False,False,0,0,0,0,0.0,0,1346.9989836050745,0.0,123.0,146.0
672,8375,2023-05-23,Washington Nationals,San Diego Padres,0,131.0,-142.0,0.4329004329004329,0.5867768595041323,0.4070119387926685,0.5929880612073315,-0.025888494107764393,0.006211201703199221,False,False,0,0,0,0,0.0,0,1346.9989836050745,0.0,123.0,146.0
673,5174,2022-05-16,Texas Rangers,Los Angeles Angels,1,123.0,-133.0,0.4484304932735426,0.5708154506437768,0.4187078452254171,0.5812921547745828,-0.029722648048125522,0.010476704130806036,False,True,1,0,0,0,70.8946833476355,0,1434.1994441226661,87.20046051759167,124.0,146.0
674,3357,2021-07-27,Philadelphia Phillies,Washington Nationals,0,-120.0,110.0,0.5454545454545454,0.4761904761904761,0.5415113871635611,0.4584886128364389,-0.00394315829098435,-0.01770186335403723,False,False,0,0,0,0,0.0,0,1434.1994441226661,0.0,124.0,146.0
675,6211,2022-08-02,New York Yankees,Seattle Mariners,0,-159.0,146.0,0.6138996138996139,0.4065040650406504,0.587659429253935,0.4123405707460649,-0.0262401846456789,0.005836505705414496,False,False,0,0,0,0,0.0,0,1434.1994441226661,0.0,124.0,146.0
676,6714,2022-09-07,Chicago Cubs,Cincinnati Reds,0,-141.0,130.0,0.5850622406639004,0.4347826086956521,0.587659429253935,0.4123405707460649,0.0025971885900345493,-0.022442037949587212,False,False,0,0,0,0,0.0,0,1434.1994441226661,0.0,124.0,146.0
677,6970,2022-09-27,Pittsburgh Pirates,Cincinnati Reds,1,-110.0,100.0,0.5238095238095238,0.5,0.5390752471446396,0.4609247528553604,0.015265723335115777,-0.03907524714463961,True,False,0,1,0,0,71.70997220613332,0,1362.489471916533,0.0,124.0,147.0
678,5759,2022-06-27,Colorado Rockies,Los Angeles Dodgers,1,180.0,-196.0,0.3571428571428571,0.6621621621621622,0.3785714285714285,0.6214285714285714,0.021428571428571408,-0.04073359073359073,True,False,0,1,0,0,71.70997220613332,0,1290.7794997103997,0.0,124.0,148.0
679,8622,2023-06-10,Atlanta Braves,Washington Nationals,1,-175.0,161.0,0.6363636363636364,0.3831417624521073,0.587659429253935,0.4123405707460649,-0.04870420710970136,0.0291988082939576,False,True,1,0,0,0,71.70997220613332,0,1331.756626685333,40.97712697493332,125.0,148.0
680,5187,2022-05-17,Tampa Bay Rays,Detroit Tigers,1,-263.0,237.0,0.7245179063360881,0.2967359050445103,0.7679841897233202,0.2320158102766798,0.04346628338723202,-0.0647200947678305,True,False,0,1,0,0,66.58783133426665,0,1265.1687953510664,0.0,125.0,149.0
681,6551,2022-08-26,Seattle Mariners,Cleveland Guardians,1,101.0,-111.0,0.4975124378109453,0.5260663507109005,0.4745253777605579,0.5254746222394421,-0.022987060050387365,-0.0005917284714583859,False,False,0,0,0,0,0.0,0,1265.1687953510664,0.0,125.0,149.0
682,4106,2021-09-19,Milwaukee Brewers,Chicago Cubs,0,-213.0,193.0,0.6805111821086262,0.3412969283276451,0.728777450016388,0.2712225499836119,0.048266267907761895,-0.07007437834403318,True,False,1,0,0,0,66.58783133426665,0,1393.683309826201,128.51451447513463,126.0,149.0
683,8848,2023-06-27,Seattle Mariners,Washington Nationals,0,-220.0,200.0,0.6875,0.3333333333333333,0.7627549057329742,0.2372450942670257,0.07525490573297422,-0.09608823906630762,True,False,1,0,0,0,66.58783133426665,0,1526.8589724947342,133.1756626685333,127.0,149.0
684,3487,2021-08-05,Arizona Diamondbacks,San Francisco Giants,0,148.0,-161.0,0.4032258064516129,0.6168582375478927,0.4070119387926685,0.5929880612073315,0.003786132341055626,-0.02387017634056121,False,False,0,0,0,0,0.0,0,1526.8589724947342,0.0,127.0,149.0
685,3722,2021-08-22,Cincinnati Reds,Miami Marlins,1,-133.0,124.0,0.5708154506437768,0.4464285714285714,0.587659429253935,0.4123405707460649,0.016843978610158183,-0.0340880006825065,True,False,0,1,0,0,76.3429486247367,0,1450.5160238699975,0.0,127.0,150.0
686,2845,2021-06-16,Seattle Mariners,Minnesota Twins,0,110.0,-120.0,0.4761904761904761,0.5454545454545454,0.4522471910112359,0.5477528089887641,-0.023943285179240215,0.002298263534218692,False,False,0,0,0,0,0.0,0,1450.5160238699975,0.0,127.0,150.0
687,8635,2023-06-11,Tampa Bay Rays,Texas Rangers,1,-181.0,166.0,0.6441281138790036,0.3759398496240601,0.6107686729514141,0.3892313270485859,-0.03335944092758947,0.0132914774245258,False,True,1,0,0,0,76.3429486247367,0,1492.694448524548,42.17842465455067,128.0,150.0
688,6288,2022-08-07,Milwaukee Brewers,Cincinnati Reds,0,-270.0,240.0,0.7297297297297297,0.2941176470588235,0.7679841897233202,0.2320158102766798,0.03825445999359045,-0.06210183678214368,True,False,1,0,0,0,76.3429486247367,0,1675.917525223916,183.22307669936808,129.0,150.0
689,2425,2021-05-17,Texas Rangers,New York Yankees,1,237.0,-263.0,0.2967359050445103,0.7245179063360881,0.2386363636363636,0.7613636363636364,-0.058099541408146715,0.03684573002754821,False,True,1,0,0,0,76.3429486247367,0,1856.850313464542,180.932788240626,130.0,150.0
690,972,2020-09-04,Tampa Bay Rays,Miami Marlins,1,-127.0,116.0,0.5594713656387665,0.4629629629629629,0.5415113871635611,0.4584886128364389,-0.017959978475205474,-0.004474350126524029,False,False,0,0,0,0,0.0,0,1856.850313464542,0.0,130.0,150.0
691,5957,2022-07-11,Colorado Rockies,San Diego Padres,0,129.0,-139.0,0.4366812227074236,0.5815899581589958,0.4070119387926685,0.5929880612073315,-0.029669283914755096,0.011398103048335662,False,True,0,1,0,0,92.84251567322711,0,1764.007797791315,0.0,130.0,151.0
692,6594,2022-08-30,Toronto Blue Jays,Chicago Cubs,1,-200.0,185.0,0.6666666666666666,0.3508771929824561,0.6605985512771635,0.3394014487228364,-0.006068115389503137,-0.011475744259619725,False,False,0,0,0,0,0.0,0,1764.007797791315,0.0,130.0,151.0
693,8079,2023-05-01,Washington Nationals,Chicago Cubs,0,126.0,-136.0,0.4424778761061947,0.576271186440678,0.4070119387926685,0.5929880612073315,-0.03546593731352621,0.01671687476665351,False,True,0,1,0,0,92.84251567322711,0,1671.1652821180878,0.0,130.0,152.0
694,6980,2022-09-27,Los Angeles Angels,Oakland Athletics,1,-201.0,184.0,0.6677740863787376,0.352112676056338,0.6605985512771635,0.3394014487228364,-0.007175535101574093,-0.012711227333501607,False,False,0,0,0,0,0.0,0,1671.1652821180878,0.0,130.0,152.0
695,5177,2022-05-16,Oakland Athletics,Minnesota Twins,0,109.0,-119.0,0.4784688995215311,0.54337899543379,0.4522471910112359,0.5477528089887641,-0.026221708510295205,0.004373813554974126,False,False,0,0,0,0,0.0,0,1671.1652821180878,0.0,130.0,152.0
696,7020,2022-09-30,Seattle Mariners,Oakland Athletics,1,-260.0,233.0,0.7222222222222222,0.3003003003003003,0.7679841897233202,0.2320158102766798,0.045761967501097955,-0.0682844900236205,True,False,0,1,0,0,83.5582641059044,0,1587.6070180121835,0.0,130.0,153.0
697,6477,2022-08-21,New York Yankees,Toronto Blue Jays,1,-118.0,107.0,0.5412844036697247,0.4830917874396135,0.5415113871635611,0.4584886128364389,0.0002269834938363191,-0.024603174603174627,False,False,0,0,0,0,0.0,0,1587.6070180121835,0.0,130.0,153.0
698,3190,2021-07-11,Milwaukee Brewers,Cincinnati Reds,0,-154.0,143.0,0.6062992125984252,0.411522633744856,0.587659429253935,0.4123405707460649,-0.018639783344490235,0.0008179370012089127,False,False,0,0,0,0,0.0,0,1587.6070180121835,0.0,130.0,153.0
699,7921,2023-04-19,Seattle Mariners,Milwaukee Brewers,0,-127.0,117.0,0.5594713656387665,0.4608294930875576,0.5655193236714976,0.4344806763285024,0.00604795803273106,-0.026348816759055205,False,False,0,0,0,0,0.0,0,1587.6070180121835,0.0,130.0,153.0
700,6723,2022-09-08,Philadelphia Phillies,Miami Marlins,0,-130.0,119.0,0.5652173913043478,0.45662100456621,0.5655193236714976,0.4344806763285024,0.0003019323671498153,-0.022140328237707618,False,False,0,0,0,0,0.0,0,1587.6070180121835,0.0,130.0,153.0
701,3740,2021-08-23,Oakland Athletics,Seattle Mariners,0,-123.0,114.0,0.5515695067264574,0.4672897196261682,0.5415113871635611,0.4584886128364389,-0.010058119562896373,-0.00880110678972934,False,False,0,0,0,0,0.0,0,1587.6070180121835,0.0,130.0,153.0
702,2791,2021-06-13,Cincinnati Reds,Colorado Rockies,1,-149.0,139.0,0.5983935742971888,0.4184100418410041,0.587659429253935,0.4123405707460649,-0.010734145043253762,-0.006069471094939216,False,False,0,0,0,0,0.0,0,1587.6070180121835,0.0,130.0,153.0
703,5271,2022-05-23,New York Yankees,Baltimore Orioles,0,-312.0,275.0,0.7572815533980582,0.2666666666666666,0.7946708463949843,0.2053291536050157,0.03738929299692606,-0.06133751306165092,True,False,1,0,0,0,79.38035090060919,0,1805.9029829888589,218.29596497667526,131.0,153.0
704,3717,2021-08-21,Colorado Rockies,Arizona Diamondbacks,1,-145.0,133.0,0.5918367346938775,0.4291845493562232,0.587659429253935,0.4123405707460649,-0.004177305439942547,-0.016843978610158294,False,False,0,0,0,0,0.0,0,1805.9029829888589,0.0,131.0,153.0
705,7833,2023-04-13,Toronto Blue Jays,Detroit Tigers,0,-220.0,200.0,0.6875,0.3333333333333333,0.7627549057329742,0.2372450942670257,0.07525490573297422,-0.09608823906630762,True,False,1,0,0,0,90.29514914944295,0,1986.4932812877448,180.5902982988859,132.0,153.0
706,6890,2022-09-20,Oakland Athletics,Seattle Mariners,1,188.0,-205.0,0.3472222222222222,0.6721311475409836,0.3106469002695418,0.6893530997304582,-0.03657532195268043,0.017221952189474643,False,True,1,0,0,0,90.29514914944295,0,2156.2481616886976,169.75488040095274,133.0,153.0
707,2133,2021-04-26,Detroit Tigers,Kansas City Royals,0,-104.0,-106.0,0.5098039215686274,0.5145631067961165,0.4996574560401918,0.5003425439598082,-0.010146465528435622,-0.014220562836308348,False,False,0,0,0,0,0.0,0,2156.2481616886976,0.0,133.0,153.0
708,2423,2021-05-17,Chicago Cubs,Washington Nationals,1,-145.0,135.0,0.5918367346938775,0.425531914893617,0.587659429253935,0.4123405707460649,-0.004177305439942547,-0.013191344147552131,False,False,0,0,0,0,0.0,0,2156.2481616886976,0.0,133.0,153.0
709,6899,2022-09-21,New York Yankees,Pittsburgh Pirates,1,-288.0,256.0,0.7422680412371134,0.2808988764044944,0.7946708463949843,0.2053291536050157,0.05240280515787088,-0.07556972279947871,True,False,0,1,0,0,90.29514914944295,0,2065.953012539255,0.0,133.0,154.0
710,8501,2023-06-01,Houston Astros,Los Angeles Angels,1,-191.0,175.0,0.6563573883161512,0.3636363636363636,0.6605985512771635,0.3394014487228364,0.00424116296101229,-0.024234914913527195,False,False,0,0,0,0,0.0,0,2065.953012539255,0.0,133.0,154.0
711,2417,2021-05-16,Arizona Diamondbacks,Washington Nationals,0,-104.0,-106.0,0.5098039215686274,0.5145631067961165,0.4996574560401918,0.5003425439598082,-0.010146465528435622,-0.014220562836308348,False,False,0,0,0,0,0.0,0,2065.953012539255,0.0,133.0,154.0
712,3352,2021-07-26,Chicago Cubs,Cincinnati Reds,1,-125.0,115.0,0.5555555555555556,0.4651162790697674,0.5415113871635611,0.4584886128364389,-0.014044168391994516,-0.0066276662333285,False,False,0,0,0,0,0.0,0,2065.953012539255,0.0,133.0,154.0
713,7940,2023-04-21,Texas Rangers,Oakland Athletics,0,-199.0,183.0,0.6655518394648829,0.3533568904593639,0.6605985512771635,0.3394014487228364,-0.004953288187719451,-0.013955441736527519,False,False,0,0,0,0,0.0,0,2065.953012539255,0.0,133.0,154.0
714,7861,2023-04-15,Kansas City Royals,Atlanta Braves,0,126.0,-136.0,0.4424778761061947,0.576271186440678,0.4070119387926685,0.5929880612073315,-0.03546593731352621,0.01671687476665351,False,True,0,1,0,0,103.29765062696275,0,1962.6553619122922,0.0,133.0,155.0
715,4963,2022-05-01,Colorado Rockies,Cincinnati Reds,1,-152.0,139.0,0.6031746031746031,0.4184100418410041,0.587659429253935,0.4123405707460649,-0.015515173920668146,-0.006069471094939216,False,False,0,0,0,0,0.0,0,1962.6553619122922,0.0,133.0,155.0
716,4157,2021-09-23,Colorado Rockies,Los Angeles Dodgers,0,228.0,-256.0,0.3048780487804878,0.7191011235955056,0.2386363636363636,0.7613636363636364,-0.06624168514412421,0.042262512768130756,False,True,0,1,0,0,98.13276809561461,0,1864.5225938166775,0.0,133.0,156.0
717,6325,2022-08-10,Seattle Mariners,New York Yankees,1,115.0,-125.0,0.4651162790697674,0.5555555555555556,0.4522471910112359,0.5477528089887641,-0.012869088058531486,-0.007802746566791474,False,False,0,0,0,0,0.0,0,1864.5225938166775,0.0,133.0,156.0
718,2348,2021-05-12,New York Mets,Baltimore Orioles,1,-182.0,166.0,0.6453900709219859,0.3759398496240601,0.6107686729514141,0.3892313270485859,-0.03462139797057173,0.0132914774245258,False,True,1,0,0,0,98.13276809561461,0,1918.4416971659164,53.9191033492388,134.0,156.0
719,771,2020-08-21,Oakland Athletics,Los Angeles Angels,1,102.0,-112.0,0.495049504950495,0.5283018867924528,0.4745253777605579,0.5254746222394421,-0.02052412718993707,-0.0028272645530107443,False,False,0,0,0,0,0.0,0,1918.4416971659164,0.0,134.0,156.0
720,5890,2022-07-06,Los Angeles Dodgers,Colorado Rockies,1,-312.0,279.0,0.7572815533980582,0.2638522427440633,0.7946708463949843,0.2053291536050157,0.03738929299692606,-0.058523089139047635,True,False,0,1,0,0,95.92208485829582,0,1822.5196123076205,0.0,134.0,157.0
721,3143,2021-07-08,Arizona Diamondbacks,Colorado Rockies,0,-135.0,125.0,0.574468085106383,0.4444444444444444,0.587659429253935,0.4123405707460649,0.013191344147551964,-0.032103873698379526,True,False,1,0,0,0,95.92208485829582,0,1942.4222183804902,119.90260607286977,135.0,157.0
722,3623,2021-08-15,Philadelphia Phillies,Cincinnati Reds,0,-133.0,124.0,0.5708154506437768,0.4464285714285714,0.587659429253935,0.4123405707460649,0.016843978610158183,-0.0340880006825065,True,False,1,0,0,0,95.92208485829582,0,2061.365603604777,118.94338522428681,136.0,157.0
723,5605,2022-06-16,Toronto Blue Jays,Baltimore Orioles,0,-244.0,220.0,0.7093023255813954,0.3125,0.7627549057329742,0.2372450942670257,0.05345258015157883,-0.0752549057329743,True,False,1,0,0,0,95.92208485829582,0,2272.394190293028,211.0285866882508,137.0,157.0
724,5293,2022-05-24,San Diego Padres,Milwaukee Brewers,0,119.0,-130.0,0.45662100456621,0.5652173913043478,0.4296316904189252,0.5703683095810748,-0.026989314147284837,0.005150918276726979,False,False,0,0,0,0,0.0,0,2272.394190293028,0.0,137.0,157.0
725,6711,2022-09-07,Tampa Bay Rays,Boston Red Sox,1,-154.0,143.0,0.6062992125984252,0.411522633744856,0.587659429253935,0.4123405707460649,-0.018639783344490235,0.0008179370012089127,False,False,0,0,0,0,0.0,0,2272.394190293028,0.0,137.0,157.0
726,8641,2023-06-11,Los Angeles Angels,Seattle Mariners,1,-115.0,105.0,0.5348837209302325,0.4878048780487805,0.5415113871635611,0.4584886128364389,0.006627666233328555,-0.029316265212341597,False,False,0,0,0,0,0.0,0,2272.394190293028,0.0,137.0,157.0
727,1128,2020-09-15,Miami Marlins,Boston Red Sox,0,-152.0,139.0,0.6031746031746031,0.4184100418410041,0.587659429253935,0.4123405707460649,-0.015515173920668146,-0.006069471094939216,False,False,0,0,0,0,0.0,0,2272.394190293028,0.0,137.0,157.0
728,1196,2020-09-19,Milwaukee Brewers,Kansas City Royals,1,-200.0,183.0,0.6666666666666666,0.3533568904593639,0.6605985512771635,0.3394014487228364,-0.006068115389503137,-0.013955441736527519,False,False,0,0,0,0,0.0,0,2272.394190293028,0.0,137.0,157.0
729,6649,2022-09-03,New York Mets,Washington Nationals,0,-400.0,355.0,0.8,0.2197802197802197,0.8636363636363636,0.1363636363636363,0.0636363636363636,-0.0834165834165834,True,False,1,0,0,0,113.61970951465139,0,2675.74415907004,403.3499687770124,138.0,157.0
730,2092,2021-04-23,Tampa Bay Rays,Toronto Blue Jays,0,-152.0,139.0,0.6031746031746031,0.4184100418410041,0.587659429253935,0.4123405707460649,-0.015515173920668146,-0.006069471094939216,False,False,0,0,0,0,0.0,0,2675.74415907004,0.0,138.0,157.0
731,4763,2022-04-17,Cleveland Guardians,San Francisco Giants,0,110.0,-120.0,0.4761904761904761,0.5454545454545454,0.4522471910112359,0.5477528089887641,-0.023943285179240215,0.002298263534218692,False,False,0,0,0,0,0.0,0,2675.74415907004,0.0,138.0,157.0
732,3992,2021-09-11,Philadelphia Phillies,Colorado Rockies,1,-213.0,196.0,0.6805111821086262,0.3378378378378378,0.7627549057329742,0.2372450942670257,0.08224372362434806,-0.10059274357081208,True,False,0,1,0,0,133.78720795350202,0,2541.956951116538,0.0,138.0,158.0
733,1924,2021-04-11,Minnesota Twins,Seattle Mariners,0,-172.0,157.0,0.6323529411764706,0.3891050583657587,0.587659429253935,0.4123405707460649,-0.04469351192253557,0.02323551238030619,False,True,0,1,0,0,133.78720795350202,0,2408.1697431630364,0.0,138.0,159.0
734,3924,2021-09-06,Washington Nationals,New York Mets,1,113.0,-123.0,0.4694835680751174,0.5515695067264574,0.4522471910112359,0.5477528089887641,-0.01723637706388148,-0.003816697737693331,False,False,0,0,0,0,0.0,0,2408.1697431630364,0.0,138.0,159.0
735,5988,2022-07-13,Texas Rangers,Oakland Athletics,1,-182.0,166.0,0.6453900709219859,0.3759398496240601,0.6107686729514141,0.3892313270485859,-0.03462139797057173,0.0132914774245258,False,True,1,0,0,0,120.40848715815183,0,2474.3282525905925,66.15850942755596,139.0,159.0
736,7770,2023-04-09,Philadelphia Phillies,Cincinnati Reds,0,-173.0,159.0,0.6336996336996337,0.3861003861003861,0.587659429253935,0.4123405707460649,-0.046040204445698674,0.026240184645678788,False,True,0,1,0,0,120.40848715815183,0,2353.9197654324407,0.0,139.0,160.0
737,8154,2023-05-06,Los Angeles Angels,Texas Rangers,0,-115.0,105.0,0.5348837209302325,0.4878048780487805,0.5415113871635611,0.4584886128364389,0.006627666233328555,-0.029316265212341597,False,False,0,0,0,0,0.0,0,2353.9197654324407,0.0,139.0,160.0
738,4737,2022-04-15,Kansas City Royals,Detroit Tigers,0,-122.0,112.0,0.5495495495495496,0.4716981132075472,0.5415113871635611,0.4584886128364389,-0.008038162385988534,-0.013209500371108296,False,False,0,0,0,0,0.0,0,2353.9197654324407,0.0,139.0,160.0
739,500,2020-08-03,Atlanta Braves,New York Mets,0,108.0,-118.0,0.4807692307692308,0.5412844036697247,0.4522471910112359,0.5477528089887641,-0.028522039757994888,0.006468405319039361,False,False,0,0,0,0,0.0,0,2353.9197654324407,0.0,139.0,160.0
740,4140,2021-09-22,Miami Marlins,Washington Nationals,0,-127.0,116.0,0.5594713656387665,0.4629629629629629,0.5415113871635611,0.4584886128364389,-0.017959978475205474,-0.004474350126524029,False,False,0,0,0,0,0.0,0,2353.9197654324407,0.0,139.0,160.0
741,5009,2022-05-05,Boston Red Sox,Los Angeles Angels,0,135.0,-145.0,0.425531914893617,0.5918367346938775,0.4070119387926685,0.5929880612073315,-0.01851997610094852,0.001151326513453954,False,False,0,0,0,0,0.0,0,2353.9197654324407,0.0,139.0,160.0
742,7001,2022-09-29,Boston Red Sox,Baltimore Orioles,1,-149.0,138.0,0.5983935742971888,0.4201680672268907,0.587659429253935,0.4123405707460649,-0.010734145043253762,-0.007827496480825813,False,False,0,0,0,0,0.0,0,2353.9197654324407,0.0,139.0,160.0
743,3491,2021-08-05,Cincinnati Reds,Pittsburgh Pirates,1,-227.0,206.0,0.6941896024464832,0.326797385620915,0.7627549057329742,0.2372450942670257,0.06856530328649102,-0.08955229135388929,True,False,0,1,0,0,117.69598827162204,0,2236.223777160819,0.0,139.0,161.0
744,8663,2023-06-13,Seattle Mariners,Miami Marlins,1,-147.0,136.0,0.5951417004048583,0.423728813559322,0.587659429253935,0.4123405707460649,-0.007482271150923259,-0.011388242813257121,False,False,0,0,0,0,0.0,0,2236.223777160819,0.0,139.0,161.0
745,6956,2022-09-25,Kansas City Royals,Seattle Mariners,1,165.0,-179.0,0.3773584905660377,0.6415770609318996,0.3964856230031949,0.6035143769968051,0.01912713243715719,-0.03806268393509449,True,False,0,1,0,0,111.81118885804095,0,2124.4125883027777,0.0,139.0,162.0
746,6942,2022-09-24,Baltimore Orioles,Houston Astros,0,157.0,-171.0,0.3891050583657587,0.6309963099630996,0.3964856230031949,0.6035143769968051,0.007380564637436193,-0.02748193296629453,False,False,0,0,0,0,0.0,0,2124.4125883027777,0.0,139.0,162.0
747,5993,2022-07-14,Washington Nationals,Atlanta Braves,0,190.0,-208.0,0.3448275862068966,0.6753246753246753,0.2457118353344768,0.7542881646655232,-0.09911575087241978,0.07896348934084785,False,True,0,1,0,0,111.81118885804095,0,2012.601399444737,0.0,139.0,163.0
748,1129,2020-09-15,Philadelphia Phillies,New York Mets,1,115.0,-125.0,0.4651162790697674,0.5555555555555556,0.4522471910112359,0.5477528089887641,-0.012869088058531486,-0.007802746566791474,False,False,0,0,0,0,0.0,0,2012.601399444737,0.0,139.0,163.0
749,2086,2021-04-22,Los Angeles Dodgers,San Diego Padres,0,-169.0,157.0,0.6282527881040892,0.3891050583657587,0.587659429253935,0.4123405707460649,-0.04059335885015425,0.02323551238030619,False,True,0,1,0,0,111.81118885804095,0,1900.790210586696,0.0,139.0,164.0
750,2656,2021-06-02,Seattle Mariners,Oakland Athletics,0,131.0,-143.0,0.4329004329004329,0.588477366255144,0.4070119387926685,0.5929880612073315,-0.025888494107764393,0.004510694952187477,False,False,0,0,0,0,0.0,0,1900.790210586696,0.0,139.0,164.0
751,4016,2021-09-12,Los Angeles Dodgers,San Diego Padres,1,-172.0,159.0,0.6323529411764706,0.3861003861003861,0.587659429253935,0.4123405707460649,-0.04469351192253557,0.026240184645678788,False,True,1,0,0,0,95.0395105293348,0,1956.0457399642162,55.25552937752024,140.0,164.0
752,5155,2022-05-15,Detroit Tigers,Baltimore Orioles,1,-137.0,127.0,0.5780590717299579,0.4405286343612334,0.587659429253935,0.4123405707460649,0.009600357523977143,-0.028188063615168513,False,False,0,0,0,0,0.0,0,1956.0457399642162,0.0,140.0,164.0
753,8471,2023-05-30,New York Mets,Philadelphia Phillies,1,-129.0,119.0,0.5633187772925764,0.45662100456621,0.5655193236714976,0.4344806763285024,0.0022005463789211976,-0.022140328237707618,False,False,0,0,0,0,0.0,0,1956.0457399642162,0.0,140.0,164.0
754,5637,2022-06-18,New York Mets,Miami Marlins,1,-185.0,169.0,0.6491228070175439,0.3717472118959107,0.6295681063122924,0.3704318936877076,-0.01955470070525145,-0.0013153182082030757,False,False,0,0,0,0,0.0,0,1956.0457399642162,0.0,140.0,164.0
755,2271,2021-05-05,Oakland Athletics,Toronto Blue Jays,0,-120.0,110.0,0.5454545454545454,0.4761904761904761,0.5415113871635611,0.4584886128364389,-0.00394315829098435,-0.01770186335403723,False,False,0,0,0,0,0.0,0,1956.0457399642162,0.0,140.0,164.0
756,5554,2022-06-12,Minnesota Twins,Tampa Bay Rays,0,114.0,-123.0,0.4672897196261682,0.5515695067264574,0.4522471910112359,0.5477528089887641,-0.015042528614932327,-0.003816697737693331,False,False,0,0,0,0,0.0,0,1956.0457399642162,0.0,140.0,164.0
757,8465,2023-05-29,Seattle Mariners,New York Yankees,0,-134.0,124.0,0.5726495726495726,0.4464285714285714,0.587659429253935,0.4123405707460649,0.015009856604362382,-0.0340880006825065,True,False,1,0,0,0,97.80228699821082,0,2077.3205758419977,121.27483587778141,141.0,164.0
758,6794,2022-09-13,Arizona Diamondbacks,Los Angeles Dodgers,0,176.0,-192.0,0.3623188405797101,0.6575342465753424,0.3785714285714285,0.6214285714285714,0.016252587991718415,-0.03610567514677099,True,False,1,0,0,0,97.80228699821082,0,2128.259266986899,50.93869114490147,142.0,164.0
759,8278,2023-05-16,Miami Marlins,Washington Nationals,1,-148.0,137.0,0.5967741935483871,0.4219409282700422,0.587659429253935,0.4123405707460649,-0.009114764294452127,-0.00960035752397731,False,False,0,0,0,0,0.0,0,2128.259266986899,0.0,142.0,164.0
760,2722,2021-06-08,Boston Red Sox,Houston Astros,0,115.0,-125.0,0.4651162790697674,0.5555555555555556,0.4522471910112359,0.5477528089887641,-0.012869088058531486,-0.007802746566791474,False,False,0,0,0,0,0.0,0,2128.259266986899,0.0,142.0,164.0
761,7033,2022-10-01,Detroit Tigers,Minnesota Twins,1,116.0,-126.0,0.4629629629629629,0.5575221238938053,0.4296316904189252,0.5703683095810748,-0.03333127254403773,0.012846185687269474,False,True,1,0,0,0,106.41296334934496,0,2251.698304472139,123.43903748524015,143.0,164.0
762,6952,2022-09-25,Tampa Bay Rays,Toronto Blue Jays,0,-133.0,123.0,0.5708154506437768,0.4484304932735426,0.5740623237450648,0.4259376762549351,0.003246873101288017,-0.022492817018607503,False,False,0,0,0,0,0.0,0,2251.698304472139,0.0,143.0,164.0
763,2703,2021-06-06,Pittsburgh Pirates,Miami Marlins,0,117.0,-127.0,0.4608294930875576,0.5594713656387665,0.4296316904189252,0.5703683095810748,-0.031197802668632424,0.010896943942308224,False,True,0,1,0,0,106.41296334934496,0,2145.2853411227943,0.0,143.0,165.0
764,6229,2022-08-03,Houston Astros,Boston Red Sox,1,-189.0,174.0,0.6539792387543253,0.364963503649635,0.6295681063122924,0.3704318936877076,-0.024411132442032857,0.005468390038072646,False,False,0,0,0,0,0.0,0,2145.2853411227943,0.0,143.0,165.0
765,5227,2022-05-20,Cleveland Guardians,Detroit Tigers,1,103.0,-112.0,0.4926108374384236,0.5283018867924528,0.4745253777605579,0.5254746222394421,-0.01808545967786568,-0.0028272645530107443,False,False,0,0,0,0,0.0,0,2145.2853411227943,0.0,143.0,165.0
766,1062,2020-09-10,Miami Marlins,Philadelphia Phillies,1,100.0,-110.0,0.5,0.5238095238095238,0.4996574560401911,0.5003425439598089,-0.0003425439598089275,-0.02346697984971491,False,False,0,0,0,0,0.0,0,2145.2853411227943,0.0,143.0,165.0
767,5698,2022-06-23,Miami Marlins,Colorado Rockies,1,-141.0,130.0,0.5850622406639004,0.4347826086956521,0.587659429253935,0.4123405707460649,0.0025971885900345493,-0.022442037949587212,False,False,0,0,0,0,0.0,0,2145.2853411227943,0.0,143.0,165.0
768,6062,2022-07-22,Atlanta Braves,Los Angeles Angels,1,-147.0,137.0,0.5951417004048583,0.4219409282700422,0.587659429253935,0.4123405707460649,-0.007482271150923259,-0.00960035752397731,False,False,0,0,0,0,0.0,0,2145.2853411227943,0.0,143.0,165.0
769,5348,2022-05-28,San Diego Padres,Pittsburgh Pirates,0,-227.0,205.0,0.6941896024464832,0.3278688524590163,0.7627549057329742,0.2372450942670257,0.06856530328649102,-0.09062375819199062,True,False,1,0,0,0,107.26426705613972,0,2365.177088587881,219.8917474650864,144.0,165.0
770,8291,2023-05-17,Detroit Tigers,Pittsburgh Pirates,0,-155.0,143.0,0.6078431372549019,0.411522633744856,0.587659429253935,0.4123405707460649,-0.020183708000966916,0.0008179370012089127,False,False,0,0,0,0,0.0,0,2365.177088587881,0.0,144.0,165.0
771,705,2020-08-17,Baltimore Orioles,Toronto Blue Jays,0,129.0,-139.0,0.4366812227074236,0.5815899581589958,0.4070119387926685,0.5929880612073315,-0.029669283914755096,0.011398103048335662,False,True,0,1,0,0,118.25885442939405,0,2246.918234158487,0.0,144.0,166.0
772,3770,2021-08-26,Baltimore Orioles,Los Angeles Angels,1,113.0,-123.0,0.4694835680751174,0.5515695067264574,0.4522471910112359,0.5477528089887641,-0.01723637706388148,-0.003816697737693331,False,False,0,0,0,0,0.0,0,2246.918234158487,0.0,144.0,166.0
773,2627,2021-05-31,Seattle Mariners,Oakland Athletics,1,123.0,-133.0,0.4484304932735426,0.5708154506437768,0.4187078452254171,0.5812921547745828,-0.029722648048125522,0.010476704130806036,False,True,1,0,0,0,118.25885442939405,0,2392.3766251066418,145.4583909481547,145.0,166.0
774,549,2020-08-06,Kansas City Royals,Chicago Cubs,1,154.0,-167.0,0.3937007874015748,0.6254681647940075,0.3964856230031949,0.6035143769968051,0.0027848356016200726,-0.021953787797202362,False,False,0,0,0,0,0.0,0,2392.3766251066418,0.0,145.0,166.0
775,7016,2022-09-30,Houston Astros,Tampa Bay Rays,0,-178.0,164.0,0.6402877697841727,0.3787878787878788,0.587659429253935,0.4123405707460649,-0.05262834053023768,0.03355269195818611,False,True,0,1,0,0,119.6188312553321,0,2272.7577938513095,0.0,145.0,167.0
